0 216150200 0 42.196770 87.162148 -6334 -37715 0 0
1 216161200 119 42.196761 87.162155 -6278 -37821 6 0
2 216161800 144 42.196749 87.162163 -6210 -37949 9 0
3 216162200 103 42.196741 87.162169 -6161 -38040 10 0
4 216162600 128 42.196731 87.162176 -6100 -38153 12 0
5 216163000 157 42.196718 87.162185 -6025 -38292 13 0
6 216163400 134 42.196708 87.162193 -5961 -38410 13 0
7 216163800 146 42.196696 87.162201 -5892 -38539 13 0
8 216164200 144 42.196685 87.162210 -5823 -38666 12 0
9 216164600 145 42.196673 87.162218 -5754 -38794 13 0
10 216165000 162 42.196660 87.162227 -5677 -38937 13 0
11 216165400 141 42.196649 87.162235 -5610 -39062 15 0
12 216165800 176 42.196635 87.162246 -5526 -39217 16 0
13 216166200 191 42.196620 87.162256 -5436 -39386 18 0
14 216166400 102 42.196612 87.162262 -5388 -39476 18 0
15 216166600 104 42.196603 87.162268 -5338 -39568 19 0
16 216166800 108 42.196595 87.162274 -5287 -39664 20 0
17 216167000 113 42.196586 87.162281 -5233 -39764 21 0
18 216167200 116 42.196576 87.162288 -5178 -39867 21 0
19 216167400 120 42.196567 87.162294 -5121 -39973 21 0
20 216167600 120 42.196557 87.162301 -5064 -40079 21 0
21 216167800 119 42.196548 87.162308 -5008 -40184 21 0
22 216168000 119 42.196538 87.162315 -4951 -40289 21 0
23 216168200 119 42.196529 87.162322 -4895 -40394 21 0
24 216168400 118 42.196519 87.162328 -4839 -40498 21 0
25 216168600 118 42.196510 87.162335 -4784 -40603 21 0
26 216168800 117 42.196501 87.162341 -4729 -40707 21 0
27 216169000 116 42.196491 87.162348 -4674 -40810 21 0
28 216169200 117 42.196482 87.162355 -4619 -40914 21 0
29 216169400 118 42.196472 87.162361 -4565 -41019 21 0
30 216169600 119 42.196463 87.162368 -4509 -41124 21 0
31 216169800 120 42.196453 87.162375 -4454 -41231 22 0
32 216170000 123 42.196443 87.162381 -4397 -41341 22 0
33 216170200 127 42.196433 87.162389 -4338 -41454 23 0
34 216170400 131 42.196423 87.162396 -4277 -41570 24 0
35 216170600 134 42.196412 87.162404 -4214 -41689 24 0
36 216170800 138 42.196401 87.162412 -4149 -41811 25 0
37 216171000 141 42.196390 87.162421 -4081 -41935 25 0
38 216171200 145 42.196379 87.162429 -4010 -42062 26 0
39 216171400 149 42.196367 87.162438 -3937 -42192 27 0
40 216171600 152 42.196356 87.162448 -3861 -42324 27 0
41 216171800 155 42.196344 87.162458 -3782 -42458 28 0
42 216172000 157 42.196331 87.162468 -3701 -42593 28 0
43 216172200 161 42.196319 87.162478 -3617 -42731 29 0
44 216172400 164 42.196306 87.162489 -3531 -42871 30 0
45 216172600 202 42.196291 87.162501 -3425 -43043 30 0
46 216172800 170 42.196278 87.162512 -3335 -43188 31 0
47 216173000 173 42.196265 87.162523 -3243 -43335 31 0
48 216173200 177 42.196251 87.162535 -3149 -43485 32 0
49 216173400 180 42.196238 87.162547 -3053 -43638 32 0
50 216173600 183 42.196224 87.162558 -2955 -43793 33 0
51 216173800 186 42.196209 87.162571 -2855 -43951 34 0
52 216174000 190 42.196195 87.162583 -2753 -44112 34 0
53 216174200 192 42.196180 87.162595 -2649 -44274 34 0
54 216174400 191 42.196166 87.162608 -2546 -44435 34 0
55 216174600 191 42.196151 87.162621 -2442 -44596 34 0
56 216174800 191 42.196137 87.162633 -2339 -44757 34 0
57 216175000 189 42.196122 87.162645 -2237 -44917 34 0
58 216175200 189 42.196108 87.162658 -2134 -45076 33 0
59 216175400 189 42.196094 87.162670 -2031 -45235 33 0
60 216175600 189 42.196079 87.162683 -1928 -45394 34 0
61 216175800 189 42.196065 87.162695 -1825 -45553 34 0
62 216176000 190 42.196051 87.162708 -1722 -45713 34 0
63 216176200 191 42.196036 87.162720 -1618 -45874 35 0
64 216176400 194 42.196021 87.162733 -1513 -46038 35 0
65 216176600 197 42.196007 87.162746 -1405 -46203 36 0
66 216176800 199 42.195992 87.162759 -1296 -46370 36 0
67 216177000 201 42.195976 87.162772 -1186 -46539 36 0
68 216177200 204 42.195961 87.162786 -1075 -46711 37 0
69 216177400 206 42.195945 87.162800 -962 -46884 37 0
70 216177600 209 42.195929 87.162813 -848 -47060 38 0
71 216177800 212 42.195913 87.162827 -732 -47238 38 0
72 216178000 215 42.195897 87.162841 -615 -47419 39 0
73 216178200 217 42.195881 87.162856 -496 -47601 39 0
74 216178400 219 42.195864 87.162870 -377 -47786 40 0
75 216178600 222 42.195847 87.162885 -255 -47972 40 0
76 216178800 225 42.195830 87.162900 -132 -48161 41 0
77 216179000 227 42.195813 87.162915 -7 -48351 41 0
78 216179200 230 42.195796 87.162930 117 -48545 42 0
79 216179400 232 42.195778 87.162945 244 -48740 42 0
80 216179600 234 42.195760 87.162961 372 -48937 42 0
81 216179800 236 42.195742 87.162976 502 -49135 43 0
82 216180000 239 42.195724 87.162992 633 -49336 43 0
83 216180200 242 42.195706 87.163008 765 -49539 43 0
84 216180400 242 42.195688 87.163024 898 -49742 44 0
85 216180600 245 42.195669 87.163040 1033 -49947 44 0
86 216180800 246 42.195650 87.163057 1167 -50154 44 0
87 216181000 247 42.195632 87.163073 1301 -50362 44 0
88 216181200 247 42.195613 87.163089 1436 -50570 44 0
89 216181400 246 42.195594 87.163105 1570 -50777 44 0
90 216181600 246 42.195576 87.163121 1704 -50984 44 0
91 216181800 245 42.195557 87.163137 1837 -51190 44 0
92 216182000 246 42.195538 87.163153 1970 -51397 44 0
93 216182200 244 42.195520 87.163169 2101 -51603 43 0
94 216182400 244 42.195501 87.163185 2232 -51810 43 0
95 216182600 243 42.195482 87.163200 2362 -52016 43 0
96 216182800 243 42.195464 87.163216 2491 -52222 43 0
97 216183000 241 42.195445 87.163231 2619 -52427 43 0
98 216183200 240 42.195427 87.163246 2745 -52632 42 0
99 216183400 239 42.195408 87.163261 2869 -52837 42 0
100 216183600 237 42.195389 87.163275 2991 -53041 42 0
101 216183800 238 42.195371 87.163289 3112 -53246 42 0
102 216184000 235 42.195352 87.163304 3230 -53450 42 0
103 216184200 235 42.195334 87.163317 3347 -53654 42 0
104 216184400 234 42.195315 87.163331 3462 -53858 42 0
105 216184600 232 42.195297 87.163344 3574 -54062 41 0
106 216184800 232 42.195278 87.163358 3686 -54266 42 0
107 216185000 232 42.195260 87.163371 3796 -54471 42 0
108 216185200 233 42.195241 87.163384 3906 -54677 42 0
109 216185400 235 42.195223 87.163397 4016 -54885 42 0
110 216185600 236 42.195204 87.163410 4126 -55094 42 0
111 216185800 237 42.195185 87.163423 4235 -55305 43 0
112 216186000 238 42.195166 87.163437 4345 -55517 43 0
113 216186200 191 42.195150 87.163447 4434 -55687 43 0
114 216186400 289 42.195127 87.163463 4566 -55945 43 0
115 216186600 195 42.195111 87.163474 4656 -56118 43 0
116 216186800 244 42.195092 87.163487 4768 -56335 44 0
117 216187000 295 42.195068 87.163504 4904 -56597 44 0
118 216187200 197 42.195052 87.163515 4994 -56773 45 0
119 216187400 250 42.195032 87.163529 5109 -56995 45 0
120 216187600 301 42.195008 87.163546 5248 -57263 45 0
121 216187800 203 42.194992 87.163557 5342 -57443 46 0
122 216188000 306 42.194967 87.163574 5484 -57715 46 0
123 216188200 206 42.194951 87.163586 5579 -57898 46 0
124 216188400 259 42.194930 87.163600 5700 -58128 47 0
125 216188600 261 42.194909 87.163615 5821 -58360 47 0
126 216188800 264 42.194888 87.163629 5943 -58595 48 0
127 216189000 318 42.194863 87.163647 6092 -58877 48 0
128 216189200 215 42.194846 87.163659 6191 -59068 48 0
129 216189400 269 42.194824 87.163674 6316 -59307 49 0
130 216189600 272 42.194802 87.163690 6442 -59549 49 0
131 216189800 274 42.194780 87.163705 6570 -59792 49 0
132 216190000 331 42.194754 87.163724 6724 -60086 50 0
133 216190200 223 42.194736 87.163736 6828 -60284 50 0
134 216190400 281 42.194714 87.163752 6959 -60533 51 0
135 216190600 283 42.194691 87.163768 7091 -60784 51 0
136 216190800 285 42.194668 87.163784 7224 -61037 51 0
137 216191000 288 42.194645 87.163800 7358 -61293 52 0
138 216191200 290 42.194622 87.163816 7493 -61550 53 0
139 216191400 293 42.194598 87.163833 7630 -61810 53 0
140 216191600 295 42.194575 87.163849 7767 -62072 54 0
141 216191800 299 42.194551 87.163866 7906 -62337 54 0
142 216192000 301 42.194527 87.163883 8045 -62604 55 0
143 216192200 305 42.194503 87.163900 8187 -62874 55 0
144 216192400 306 42.194478 87.163917 8329 -63146 56 0
145 216192600 311 42.194453 87.163935 8473 -63422 56 0
146 216192800 313 42.194428 87.163952 8618 -63700 57 0
147 216193000 318 42.194403 87.163970 8765 -63982 58 0
148 216193200 321 42.194377 87.163988 8914 -64267 59 0
149 216193400 324 42.194351 87.164006 9064 -64555 59 0
150 216193600 329 42.194325 87.164024 9216 -64847 60 0
151 216193800 334 42.194298 87.164043 9371 -65143 61 0
152 216194000 337 42.194271 87.164062 9527 -65442 62 0
153 216194200 343 42.194244 87.164081 9686 -65746 63 0
154 216194400 346 42.194216 87.164100 9846 -66053 63 0
155 216194600 350 42.194188 87.164120 10009 -66363 63 0
156 216194800 353 42.194160 87.164140 10173 -66676 63 0
157 216195000 353 42.194132 87.164160 10338 -66989 63 0
158 216195200 354 42.194104 87.164180 10504 -67302 63 0
159 216195400 352 42.194075 87.164200 10668 -67614 63 0
160 216195600 352 42.194047 87.164219 10833 -67926 63 0
161 216195800 351 42.194019 87.164239 10997 -68237 63 0
162 216196000 350 42.193991 87.164259 11161 -68547 63 0
163 216196200 350 42.193963 87.164279 11325 -68857 62 0
164 216196400 349 42.193936 87.164298 11488 -69166 62 0
165 216196600 349 42.193908 87.164318 11651 -69475 62 0
166 216196800 350 42.193880 87.164338 11814 -69785 63 0
167 216197000 350 42.193852 87.164357 11976 -70096 63 0
168 216197200 351 42.193824 87.164377 12140 -70407 63 0
169 216197400 353 42.193795 87.164397 12304 -70720 63 0
170 216197600 354 42.193767 87.164417 12468 -71034 64 0
171 216197800 355 42.193739 87.164437 12633 -71349 64 0
172 216198000 357 42.193710 87.164457 12800 -71665 64 0
173 216198200 428 42.193676 87.164481 13000 -72044 64 0
174 216198400 360 42.193648 87.164501 13168 -72363 65 0
175 216198600 361 42.193619 87.164522 13337 -72682 65 0
176 216198800 362 42.193590 87.164542 13507 -73002 65 0
177 216199000 363 42.193561 87.164563 13678 -73323 65 0
178 216199200 365 42.193532 87.164583 13849 -73646 66 0
179 216199400 367 42.193503 87.164604 14022 -73970 66 0
180 216199600 369 42.193473 87.164625 14195 -74296 66 0
181 216199800 370 42.193444 87.164646 14369 -74623 67 0
182 216200000 372 42.193414 87.164667 14543 -74952 67 0
183 216200200 372 42.193384 87.164688 14718 -75281 67 0
184 216200400 373 42.193355 87.164709 14893 -75611 67 0
185 216200600 374 42.193325 87.164730 15068 -75942 66 0
186 216200800 373 42.193295 87.164751 15243 -76272 66 0
187 216201000 371 42.193266 87.164772 15418 -76600 66 0
188 216201200 372 42.193236 87.164793 15592 -76929 66 0
189 216201400 370 42.193206 87.164814 15765 -77257 66 0
190 216201600 370 42.193177 87.164835 15939 -77584 66 0
191 216201800 368 42.193148 87.164856 16111 -77910 66 0
192 216202000 369 42.193118 87.164877 16284 -78236 65 0
193 216202200 367 42.193089 87.164898 16455 -78561 65 0
194 216202400 366 42.193060 87.164918 16627 -78885 65 0
195 216202600 365 42.193031 87.164939 16798 -79208 65 0
196 216202800 365 42.193002 87.164959 16968 -79531 65 0
197 216203000 363 42.192973 87.164980 17138 -79852 65 0
198 216203200 362 42.192944 87.165000 17307 -80173 64 0
199 216203400 361 42.192915 87.165021 17476 -80493 64 0
200 216203600 359 42.192886 87.165041 17643 -80811 64 0
201 216203800 359 42.192857 87.165061 17811 -81129 64 0
202 216204000 357 42.192829 87.165081 17977 -81446 64 0
203 216204200 356 42.192800 87.165101 18143 -81762 63 0
204 216204400 354 42.192772 87.165121 18308 -82076 63 0
205 216204600 354 42.192744 87.165141 18473 -82390 63 0
206 216204800 353 42.192716 87.165161 18637 -82703 63 0
207 216205000 352 42.192687 87.165180 18800 -83015 62 0
208 216205200 350 42.192660 87.165200 18963 -83325 62 0
209 216205400 349 42.192632 87.165220 19125 -83635 62 0
210 216205600 348 42.192604 87.165239 19287 -83944 62 0
211 216205800 348 42.192576 87.165259 19449 -84252 62 0
212 216206000 347 42.192548 87.165278 19610 -84560 62 0
213 216206200 346 42.192521 87.165297 19771 -84867 62 0
214 216206400 346 42.192493 87.165317 19931 -85174 62 0
215 216206600 346 42.192465 87.165336 20092 -85481 62 0
216 216206800 344 42.192438 87.165355 20253 -85786 62 0
217 216207000 344 42.192410 87.165375 20412 -86092 61 0
218 216207200 344 42.192383 87.165394 20572 -86397 61 0
219 216207400 344 42.192355 87.165413 20732 -86702 61 0
220 216207600 343 42.192328 87.165432 20891 -87006 62 0
221 216207800 343 42.192300 87.165452 21050 -87311 62 0
222 216208000 345 42.192273 87.165471 21210 -87617 62 0
223 216208200 345 42.192245 87.165490 21370 -87923 62 0
224 216208400 346 42.192217 87.165510 21531 -88230 62 0
225 216208600 348 42.192190 87.165529 21692 -88539 62 0
226 216208800 347 42.192162 87.165548 21853 -88847 62 0
227 216209000 349 42.192134 87.165568 22014 -89157 63 0
228 216209200 350 42.192106 87.165588 22177 -89467 63 0
229 216209400 351 42.192078 87.165607 22340 -89778 63 0
230 216209600 352 42.192050 87.165627 22503 -90090 63 0
231 216209800 352 42.192022 87.165647 22666 -90403 63 0
232 216210000 354 42.191993 87.165666 22831 -90717 64 0
233 216210200 355 42.191965 87.165686 22995 -91032 64 0
234 216210400 356 42.191936 87.165706 23161 -91348 64 0
235 216210600 358 42.191908 87.165726 23328 -91665 64 0
236 216210800 357 42.191879 87.165746 23494 -91982 64 0
237 216211000 359 42.191851 87.165767 23661 -92300 64 0
238 216211200 357 42.191822 87.165787 23827 -92617 64 0
239 216211400 285 42.191799 87.165803 23960 -92870 64 0
240 216211600 356 42.191771 87.165823 24126 -93186 64 0
241 216211800 429 42.191737 87.165847 24326 -93566 64 0
242 216212000 358 42.191708 87.165867 24493 -93883 64 0
243 216212200 288 42.191685 87.165883 24627 -94138 64 0
244 216212400 359 42.191656 87.165903 24794 -94456 64 0
245 216212600 359 42.191628 87.165924 24962 -94774 64 0
246 216212800 359 42.191599 87.165944 25130 -95092 64 0
247 216213000 431 42.191565 87.165968 25331 -95474 64 0
248 216213200 286 42.191542 87.165984 25465 -95727 64 0
249 216213400 428 42.191508 87.166008 25665 -96106 63 0
250 216213600 284 42.191485 87.166025 25798 -96358 63 0
251 216213800 355 42.191457 87.166045 25964 -96672 63 0
252 216214000 424 42.191423 87.166068 26162 -97047 63 0
253 216214200 281 42.191401 87.166084 26294 -97296 63 0
254 216214400 351 42.191372 87.166104 26458 -97607 62 0
255 216214600 350 42.191345 87.166124 26622 -97917 62 0
256 216214800 348 42.191317 87.166144 26785 -98225 62 0
257 216215000 417 42.191284 87.166167 26980 -98594 62 0
258 216215200 277 42.191261 87.166183 27110 -98839 61 0
259 216215400 346 42.191234 87.166202 27272 -99145 61 0
260 216215600 344 42.191206 87.166222 27433 -99450 61 0
261 216215800 343 42.191179 87.166241 27593 -99754 61 0
262 216216000 410 42.191146 87.166264 27785 -100117 61 0
263 216216200 272 42.191125 87.166279 27912 -100358 60 0
264 216216400 340 42.191097 87.166299 28071 -100659 60 0
265 216216600 339 42.191070 87.166318 28229 -100959 60 0
266 216216800 337 42.191043 87.166337 28386 -101258 60 0
267 216217000 337 42.191017 87.166356 28544 -101556 60 0
268 216217200 334 42.190990 87.166375 28700 -101852 60 0
269 216217400 335 42.190963 87.166393 28856 -102149 59 0
270 216217600 333 42.190937 87.166412 29012 -102444 59 0
271 216217800 332 42.190910 87.166431 29167 -102738 59 0
272 216218000 330 42.190884 87.166449 29320 -103031 59 0
273 216218200 331 42.190857 87.166468 29474 -103324 58 0
274 216218400 328 42.190831 87.166486 29627 -103615 58 0
275 216218600 327 42.190805 87.166505 29780 -103905 58 0
276 216218800 325 42.190779 87.166523 29932 -104193 57 0
277 216219000 452 42.190743 87.166549 30143 -104593 57 0
278 216219200 192 42.190727 87.166559 30232 -104764 57 0
279 216219400 319 42.190702 87.166577 30381 -105047 56 0
280 216219600 317 42.190677 87.166595 30530 -105327 56 0
281 216219800 315 42.190652 87.166613 30677 -105606 55 0
282 216220000 312 42.190627 87.166631 30823 -105882 55 0
283 216220200 308 42.190602 87.166648 30967 -106155 54 0
284 216220400 306 42.190578 87.166665 31111 -106426 54 0
285 216220600 303 42.190554 87.166682 31252 -106695 53 0
286 216220800 300 42.190530 87.166699 31393 -106960 53 0
287 216221000 298 42.190506 87.166716 31532 -107224 52 0
288 216221200 294 42.190482 87.166733 31671 -107484 52 0
289 216221400 292 42.190459 87.166749 31807 -107743 51 0
290 216221600 289 42.190436 87.166766 31943 -107998 51 0
291 216221800 287 42.190413 87.166782 32077 -108252 50 0
292 216222000 284 42.190391 87.166798 32210 -108503 50 0
293 216222200 281 42.190368 87.166814 32342 -108752 49 0
294 216222400 278 42.190346 87.166829 32472 -108998 49 0
295 216222600 276 42.190324 87.166845 32600 -109243 49 0
296 216222800 273 42.190302 87.166860 32728 -109485 48 0
297 216223000 271 42.190280 87.166875 32854 -109725 48 0
298 216223200 268 42.190259 87.166890 32979 -109963 47 0
299 216223400 319 42.190233 87.166908 33127 -110246 47 0
300 216223600 263 42.190212 87.166923 33249 -110479 46 0
301 216223800 261 42.190192 87.166938 33370 -110711 46 0
302 216224000 258 42.190171 87.166952 33489 -110940 46 0
303 216224200 256 42.190150 87.166966 33608 -111167 45 0
304 216224400 253 42.190130 87.166980 33724 -111392 44 0
305 216224600 250 42.190110 87.166994 33840 -111614 44 0
306 216224800 248 42.190090 87.167008 33954 -111835 44 0
307 216225000 245 42.190070 87.167021 34067 -112053 43 0
308 216225200 245 42.190051 87.167035 34179 -112271 43 0
309 216225400 240 42.190032 87.167048 34289 -112485 42 0
310 216225600 238 42.190012 87.167061 34398 -112697 42 0
311 216225800 236 42.189994 87.167074 34506 -112907 41 0
312 216226000 232 42.189975 87.167087 34612 -113114 41 0
313 216226200 230 42.189956 87.167100 34718 -113319 40 0
314 216226400 228 42.189938 87.167112 34822 -113522 40 0
315 216226600 226 42.189920 87.167125 34925 -113724 40 0
316 216226800 225 42.189902 87.167137 35028 -113925 40 0
317 216227000 223 42.189884 87.167149 35130 -114124 39 0
318 216227200 222 42.189866 87.167162 35231 -114322 39 0
319 216227400 220 42.189848 87.167174 35331 -114518 39 0
320 216227600 219 42.189831 87.167186 35431 -114713 38 0
321 216227800 216 42.189813 87.167198 35529 -114906 38 0
322 216228000 215 42.189796 87.167209 35627 -115098 38 0
323 216228200 214 42.189779 87.167221 35724 -115289 38 0
324 216228400 212 42.189762 87.167233 35821 -115478 37 0
325 216228600 209 42.189745 87.167244 35916 -115665 37 0
326 216228800 209 42.189728 87.167256 36011 -115852 37 0
327 216229000 207 42.189711 87.167267 36105 -116037 36 0
328 216229200 206 42.189695 87.167278 36198 -116221 36 0
329 216229400 204 42.189678 87.167289 36291 -116403 36 0
330 216229600 203 42.189662 87.167300 36383 -116584 36 0
331 216229800 201 42.189646 87.167311 36473 -116764 35 0
332 216230000 200 42.189630 87.167322 36564 -116943 35 0
333 216230200 198 42.189614 87.167333 36653 -117120 34 0
334 216230400 194 42.189598 87.167344 36741 -117294 34 0
335 216230600 192 42.189582 87.167354 36827 -117466 34 0
336 216230800 190 42.189567 87.167364 36913 -117636 33 0
337 216231000 187 42.189552 87.167374 36997 -117804 33 0
338 216231200 184 42.189537 87.167384 37079 -117969 33 0
339 216231400 184 42.189522 87.167394 37162 -118134 32 0
340 216231600 182 42.189507 87.167404 37243 -118298 32 0
341 216231800 182 42.189493 87.167414 37324 -118461 32 0
342 216232000 181 42.189478 87.167423 37405 -118623 32 0
343 216232200 179 42.189464 87.167433 37485 -118784 32 0
344 216232400 179 42.189449 87.167442 37564 -118945 32 0
345 216232600 178 42.189435 87.167452 37642 -119105 31 0
346 216232800 178 42.189420 87.167461 37720 -119265 31 0
347 216233000 176 42.189406 87.167470 37797 -119424 31 0
348 216233200 176 42.189392 87.167480 37874 -119583 31 0
349 216233400 174 42.189377 87.167489 37950 -119740 31 0
350 216233600 171 42.189363 87.167498 38024 -119895 30 0
351 216233800 168 42.189350 87.167506 38097 -120047 29 0
352 216234000 165 42.189336 87.167515 38168 -120197 29 0
353 216234200 162 42.189323 87.167523 38238 -120344 28 0
354 216234400 159 42.189310 87.167531 38306 -120488 28 0
355 216234600 156 42.189297 87.167539 38372 -120630 27 0
356 216234800 154 42.189284 87.167547 38438 -120770 27 0
357 216235000 153 42.189272 87.167555 38503 -120909 27 0
358 216235200 150 42.189260 87.167563 38567 -121045 26 0
359 216235400 148 42.189247 87.167570 38630 -121180 26 0
360 216235600 144 42.189236 87.167578 38691 -121311 25 0
361 216235800 140 42.189224 87.167585 38752 -121438 24 0
362 216236000 137 42.189213 87.167592 38810 -121563 24 0
363 216236200 135 42.189202 87.167599 38868 -121685 23 0
364 216236400 134 42.189191 87.167606 38925 -121807 23 0
365 216236600 105 42.189182 87.167611 38970 -121902 23 0
366 216236800 131 42.189172 87.167618 39025 -122021 23 0
367 216237000 155 42.189159 87.167626 39092 -122161 23 0
368 216237200 102 42.189151 87.167631 39136 -122254 23 0
369 216237400 128 42.189140 87.167638 39191 -122370 22 0
370 216237600 128 42.189130 87.167645 39246 -122486 22 0
371 216237800 127 42.189120 87.167651 39300 -122601 22 0
372 216238000 151 42.189107 87.167659 39365 -122738 22 0
373 216238400 220 42.189089 87.167671 39461 -122937 21 0
374 216238600 139 42.189078 87.167678 39521 -123063 20 0
375 216238800 111 42.189069 87.167684 39569 -123164 19 0
376 216239000 110 42.189060 87.167690 39617 -123263 19 0
377 216239400 193 42.189044 87.167700 39701 -123437 19 0
378 216239600 106 42.189036 87.167706 39747 -123533 18 0
379 216239800 105 42.189027 87.167712 39794 -123628 18 0
380 216240000 126 42.189018 87.167720 39851 -123741 17 0
381 216240400 179 42.189004 87.167732 39939 -123897 16 0
382 216240800 188 42.188992 87.167747 40040 -124056 15 0
383 216241000 109 42.188985 87.167757 40102 -124146 15 0
384 216241400 160 42.188976 87.167773 40209 -124265 14 0
385 216241800 170 42.188969 87.167792 40333 -124382 13 0
386 216242200 160 42.188965 87.167811 40465 -124473 12 0
387 216242600 148 42.188964 87.167830 40599 -124538 11 0
388 216243000 140 42.188966 87.167848 40734 -124578 10 0
389 216243400 133 42.188970 87.167864 40866 -124598 10 0
390 216243800 126 42.188976 87.167878 40992 -124590 9 0
391 216244200 120 42.188983 87.167891 41110 -124564 9 0
392 216244600 116 42.188990 87.167901 41219 -124522 9 0
393 216245000 114 42.188999 87.167910 41319 -124467 9 0
394 216245400 119 42.189009 87.167918 41415 -124396 11 0
395 216245800 124 42.189020 87.167923 41504 -124309 6 0
396 216246200 111 42.189030 87.167926 41569 -124218 7 0
397 216246600 100 42.189040 87.167926 41616 -124129 7 0
398 216247000 100 42.189049 87.167925 41650 -124034 9 0
399 216247400 122 42.189061 87.167922 41678 -123915 11 0
400 216247800 134 42.189072 87.167915 41687 -123781 10 0
401 216248200 132 42.189083 87.167905 41670 -123650 10 0
402 216248600 140 42.189092 87.167892 41618 -123519 10 0
403 216249000 138 42.189100 87.167879 41551 -123398 11 0
404 216249400 147 42.189107 87.167862 41458 -123284 12 0
405 216249800 153 42.189113 87.167845 41342 -123184 13 0
406 216250200 159 42.189119 87.167827 41210 -123095 13 0
407 216250600 161 42.189125 87.167809 41070 -123014 14 0
408 216251000 164 42.189131 87.167791 40923 -122940 14 0
409 216251400 164 42.189138 87.167774 40775 -122868 14 0
410 216251800 162 42.189146 87.167757 40631 -122793 14 0
411 216252200 160 42.189154 87.167741 40492 -122713 14 0
412 216252600 164 42.189163 87.167725 40353 -122625 15 0
413 216253000 171 42.189173 87.167709 40212 -122527 16 0
414 216253400 178 42.189184 87.167693 40071 -122418 17 0
415 216253800 192 42.189197 87.167677 39924 -122293 18 0
416 216254200 198 42.189210 87.167661 39779 -122157 18 0
417 216254600 194 42.189224 87.167647 39646 -122015 17 0
418 216255000 192 42.189239 87.167633 39521 -121868 17 0
419 216255400 192 42.189253 87.167621 39405 -121715 17 0
420 216255800 189 42.189268 87.167610 39298 -121558 17 0
421 216256200 190 42.189283 87.167598 39196 -121397 17 0
422 216256600 193 42.189299 87.167587 39097 -121231 17 0
423 216257000 197 42.189314 87.167577 39001 -121058 18 0
424 216257200 101 42.189323 87.167571 38954 -120968 19 0
425 216257400 107 42.189331 87.167565 38904 -120873 19 0
426 216257600 111 42.189340 87.167559 38852 -120774 20 0
427 216257800 113 42.189349 87.167553 38800 -120673 20 0
428 216258000 116 42.189359 87.167547 38747 -120569 21 0
429 216258200 120 42.189369 87.167541 38694 -120461 22 0
430 216258400 123 42.189379 87.167534 38639 -120350 22 0
431 216258600 127 42.189389 87.167528 38583 -120236 23 0
432 216258800 130 42.189400 87.167521 38527 -120118 24 0
433 216259000 135 42.189411 87.167514 38468 -119996 24 0
434 216259200 135 42.189422 87.167508 38411 -119873 24 0
435 216259400 137 42.189433 87.167501 38353 -119748 24 0
436 216259600 135 42.189445 87.167494 38296 -119625 24 0
437 216259800 136 42.189456 87.167488 38240 -119501 24 0
438 216260000 136 42.189467 87.167481 38184 -119377 24 0
439 216260200 134 42.189478 87.167474 38129 -119254 24 0
440 216260400 133 42.189489 87.167468 38074 -119132 24 0
441 216260600 133 42.189500 87.167461 38020 -119010 24 0
442 216260800 135 42.189511 87.167455 37965 -118886 24 0
443 216261000 135 42.189522 87.167448 37911 -118762 24 0
444 216261200 136 42.189534 87.167441 37855 -118638 25 0
445 216261400 141 42.189545 87.167435 37798 -118508 25 0
446 216261600 143 42.189557 87.167428 37740 -118377 26 0
447 216261800 146 42.189569 87.167420 37680 -118243 27 0
448 216262000 151 42.189582 87.167413 37618 -118105 27 0
449 216262200 122 42.189592 87.167407 37568 -117993 28 0
450 216262400 157 42.189605 87.167399 37503 -117850 28 0
451 216262600 160 42.189618 87.167391 37437 -117704 29 0
452 216262800 163 42.189631 87.167382 37369 -117555 30 0
453 216263000 200 42.189647 87.167372 37286 -117373 30 0
454 216263200 170 42.189661 87.167363 37214 -117218 31 0
455 216263400 138 42.189673 87.167356 37156 -117092 31 0
456 216263600 176 42.189687 87.167347 37081 -116932 32 0
457 216263800 216 42.189705 87.167336 36988 -116736 33 0
458 216264000 183 42.189720 87.167326 36909 -116570 33 0
459 216264200 149 42.189732 87.167318 36844 -116435 34 0
460 216264400 188 42.189747 87.167308 36762 -116265 34 0
461 216264600 193 42.189763 87.167298 36678 -116091 35 0
462 216264800 195 42.189778 87.167288 36592 -115915 35 0
463 216265000 238 42.189798 87.167275 36486 -115701 36 0
464 216265200 161 42.189811 87.167266 36414 -115556 36 0
465 216265400 205 42.189827 87.167255 36322 -115372 37 0
466 216265600 208 42.189844 87.167243 36228 -115186 37 0
467 216265800 210 42.189861 87.167232 36132 -114999 37 0
468 216266000 254 42.189881 87.167217 36016 -114773 37 0
469 216266200 167 42.189894 87.167208 35939 -114624 37 0
470 216266400 209 42.189911 87.167196 35843 -114438 37 0
471 216266600 209 42.189928 87.167185 35746 -114252 37 0
472 216266800 208 42.189945 87.167173 35648 -114068 37 0
473 216267000 208 42.189961 87.167161 35551 -113884 37 0
474 216267200 208 42.189978 87.167149 35454 -113700 37 0
475 216267400 207 42.189994 87.167138 35357 -113517 37 0
476 216267600 208 42.190011 87.167126 35260 -113333 37 0
477 216267800 209 42.190027 87.167114 35162 -113148 38 0
478 216268000 212 42.190044 87.167102 35062 -112961 38 0
479 216268200 213 42.190061 87.167090 34962 -112772 39 0
480 216268400 216 42.190078 87.167078 34860 -112581 39 0
481 216268600 217 42.190096 87.167065 34757 -112389 39 0
482 216268800 221 42.190113 87.167053 34653 -112194 40 0
483 216269000 222 42.190131 87.167040 34549 -111997 40 0
484 216269200 224 42.190149 87.167027 34443 -111799 41 0
485 216269400 227 42.190167 87.167014 34336 -111598 41 0
486 216269600 229 42.190185 87.167001 34228 -111395 41 0
487 216269800 232 42.190204 87.166988 34119 -111190 42 0
488 216270000 234 42.190222 87.166975 34009 -110983 42 0
489 216270200 236 42.190241 87.166962 33898 -110774 43 0
490 216270400 238 42.190260 87.166948 33786 -110563 43 0
491 216270600 242 42.190280 87.166934 33673 -110349 44 0
492 216270800 243 42.190299 87.166921 33558 -110134 44 0
493 216271000 247 42.190319 87.166907 33443 -109915 45 0
494 216271200 249 42.190339 87.166893 33326 -109695 45 0
495 216271400 252 42.190359 87.166878 33208 -109472 45 0
496 216271600 255 42.190379 87.166864 33088 -109247 46 0
497 216271800 257 42.190399 87.166849 32967 -109020 47 0
498 216272000 259 42.190420 87.166835 32846 -108791 47 0
499 216272200 262 42.190441 87.166820 32723 -108559 47 0
500 216272400 263 42.190462 87.166805 32599 -108326 48 0
501 216272600 265 42.190483 87.166790 32475 -108091 48 0
502 216272800 268 42.190504 87.166775 32349 -107854 48 0
503 216273000 270 42.190526 87.166759 32223 -107615 49 0
504 216273200 272 42.190548 87.166744 32095 -107375 49 0
505 216273400 273 42.190569 87.166729 31967 -107133 49 0
506 216273600 275 42.190591 87.166713 31838 -106890 50 0
507 216273800 276 42.190613 87.166698 31709 -106646 50 0
508 216274000 389 42.190644 87.166676 31526 -106302 50 0
509 216274200 224 42.190662 87.166663 31421 -106104 50 0
510 216274400 280 42.190685 87.166647 31290 -105856 50 0
511 216274600 283 42.190707 87.166631 31157 -105606 51 0
512 216274800 284 42.190730 87.166615 31024 -105355 51 0
513 216275000 284 42.190752 87.166599 30891 -105103 51 0
514 216275200 287 42.190775 87.166583 30756 -104849 51 0
515 216275400 288 42.190798 87.166566 30622 -104594 52 0
516 216275600 289 42.190821 87.166550 30486 -104338 52 0
517 216275800 290 42.190845 87.166534 30350 -104081 52 0
518 216276000 292 42.190868 87.166517 30214 -103822 52 0
519 216276200 293 42.190891 87.166501 30076 -103563 53 0
520 216276400 294 42.190915 87.166484 29939 -103302 52 0
521 216276600 294 42.190938 87.166468 29801 -103042 52 0
522 216276800 293 42.190962 87.166451 29664 -102782 52 0
523 216277000 293 42.190985 87.166434 29527 -102522 52 0
524 216277200 292 42.191008 87.166418 29391 -102263 52 0
525 216277400 291 42.191032 87.166402 29255 -102005 52 0
526 216277600 291 42.191055 87.166385 29119 -101747 51 0
527 216277800 290 42.191078 87.166369 28983 -101490 52 0
528 216278000 289 42.191101 87.166353 28848 -101234 52 0
529 216278200 290 42.191124 87.166336 28713 -100977 52 0
530 216278400 289 42.191147 87.166320 28578 -100721 52 0
531 216278600 292 42.191171 87.166303 28441 -100463 52 0
532 216278800 292 42.191194 87.166287 28304 -100205 52 0
533 216279000 294 42.191217 87.166270 28166 -99945 53 0
534 216279200 294 42.191241 87.166254 28028 -99685 53 0
535 216279400 296 42.191264 87.166237 27889 -99423 53 0
536 216279600 297 42.191288 87.166220 27749 -99160 54 0
537 216279800 300 42.191312 87.166203 27608 -98895 54 0
538 216280000 300 42.191336 87.166186 27466 -98630 54 0
539 216280200 303 42.191360 87.166169 27323 -98362 54 0
540 216280400 303 42.191384 87.166151 27180 -98094 55 0
541 216280600 306 42.191408 87.166134 27036 -97823 55 0
542 216280800 307 42.191433 87.166116 26891 -97552 55 0
543 216281000 310 42.191458 87.166099 26745 -97278 56 0
544 216281200 311 42.191482 87.166081 26599 -97003 56 0
545 216281400 313 42.191507 87.166063 26452 -96726 57 0
546 216281600 316 42.191533 87.166046 26303 -96447 57 0
547 216281800 317 42.191558 87.166028 26155 -96166 57 0
548 216282000 319 42.191583 87.166010 26005 -95884 58 0
549 216282200 322 42.191609 87.165992 25855 -95599 58 0
550 216282400 323 42.191635 87.165973 25704 -95313 58 0
551 216282600 325 42.191661 87.165955 25553 -95025 59 0
552 216282800 327 42.191687 87.165937 25401 -94735 59 0
553 216283000 328 42.191713 87.165919 25248 -94444 59 0
554 216283200 331 42.191740 87.165900 25095 -94150 60 0
555 216283400 333 42.191766 87.165881 24940 -93855 60 0
556 216283600 335 42.191793 87.165863 24785 -93557 61 0
557 216283800 337 42.191820 87.165844 24630 -93257 61 0
558 216284000 339 42.191847 87.165825 24472 -92956 61 0
559 216284200 342 42.191875 87.165806 24314 -92652 62 0
560 216284400 343 42.191902 87.165787 24155 -92347 62 0
561 216284600 347 42.191930 87.165767 23995 -92039 63 0
562 216284800 349 42.191958 87.165748 23833 -91729 63 0
563 216285000 352 42.191986 87.165728 23671 -91416 64 0
564 216285200 354 42.192014 87.165709 23507 -91102 64 0
565 216285400 357 42.192043 87.165689 23342 -90785 64 0
566 216285600 359 42.192071 87.165669 23175 -90467 65 0
567 216285800 360 42.192100 87.165648 23008 -90147 65 0
568 216286000 362 42.192129 87.165628 22841 -89825 65 0
569 216286200 364 42.192158 87.165608 22672 -89502 66 0
570 216286400 365 42.192188 87.165587 22502 -89178 66 0
571 216286600 367 42.192217 87.165567 22332 -88852 66 0
572 216286800 368 42.192247 87.165546 22162 -88525 66 0
573 216287000 369 42.192276 87.165526 21991 -88198 66 0
574 216287200 368 42.192305 87.165505 21820 -87872 65 0
575 216287400 294 42.192329 87.165489 21684 -87611 65 0
576 216287600 366 42.192358 87.165468 21514 -87286 65 0
577 216287800 365 42.192387 87.165448 21344 -86962 65 0
578 216288000 437 42.192422 87.165423 21140 -86575 65 0
579 216288200 291 42.192445 87.165407 21004 -86317 65 0
580 216288400 362 42.192474 87.165386 20835 -85996 65 0
581 216288600 362 42.192503 87.165366 20666 -85675 65 0
582 216288800 361 42.192532 87.165345 20497 -85355 64 0
583 216289000 433 42.192567 87.165321 20295 -84972 64 0
584 216289200 288 42.192590 87.165305 20161 -84717 64 0
585 216289400 357 42.192618 87.165285 19994 -84401 64 0
586 216289600 357 42.192647 87.165265 19827 -84085 63 0
587 216289800 355 42.192675 87.165245 19662 -83770 63 0
588 216290000 425 42.192709 87.165221 19463 -83394 63 0
589 216290200 282 42.192731 87.165205 19331 -83144 63 0
590 216290400 351 42.192759 87.165185 19167 -82833 62 0
591 216290600 350 42.192787 87.165165 19003 -82523 62 0
592 216290800 348 42.192815 87.165145 18839 -82215 62 0
593 216291000 418 42.192848 87.165122 18644 -81845 62 0
594 216291200 277 42.192870 87.165106 18514 -81600 62 0
595 216291400 346 42.192898 87.165086 18351 -81294 62 0
596 216291600 345 42.192926 87.165067 18190 -80988 62 0
597 216291800 346 42.192953 87.165047 18028 -80682 62 0
598 216292000 417 42.192986 87.165024 17832 -80313 62 0
599 216292200 277 42.193009 87.165008 17702 -80068 62 0
600 216292400 349 42.193036 87.164989 17539 -79759 62 0
601 216292600 347 42.193064 87.164969 17376 -79452 62 0
602 216292800 347 42.193092 87.164949 17214 -79145 62 0
603 216293000 346 42.193119 87.164930 17052 -78839 62 0
604 216293200 346 42.193147 87.164910 16891 -78532 62 0
605 216293400 346 42.193175 87.164891 16729 -78226 62 0
606 216293600 344 42.193202 87.164871 16568 -77921 62 0
607 216293800 344 42.193230 87.164852 16407 -77616 61 0
608 216294000 344 42.193257 87.164833 16247 -77311 61 0
609 216294200 344 42.193284 87.164813 16086 -77007 61 0
610 216294400 343 42.193312 87.164794 15926 -76703 61 0
611 216294600 342 42.193339 87.164775 15766 -76400 61 0
612 216294800 342 42.193366 87.164755 15606 -76097 61 0
613 216295000 342 42.193394 87.164736 15446 -75794 61 0
614 216295200 342 42.193421 87.164717 15286 -75491 61 0
615 216295400 341 42.193448 87.164697 15126 -75189 61 0
616 216295600 341 42.193475 87.164678 14966 -74887 61 0
617 216295800 341 42.193503 87.164659 14806 -74585 61 0
618 216296000 340 42.193530 87.164640 14647 -74284 61 0
619 216296200 340 42.193557 87.164620 14488 -73983 61 0
620 216296400 340 42.193584 87.164601 14329 -73682 61 0
621 216296600 339 42.193611 87.164582 14170 -73382 60 0
622 216296800 339 42.193638 87.164563 14011 -73082 60 0
623 216297000 339 42.193665 87.164544 13853 -72782 60 0
624 216297200 338 42.193692 87.164525 13695 -72483 60 0
625 216297400 338 42.193719 87.164506 13538 -72183 60 0
626 216297600 337 42.193746 87.164487 13380 -71885 60 0
627 216297800 337 42.193773 87.164468 13223 -71586 60 0
628 216298000 471 42.193811 87.164442 13004 -71169 60 0
629 216298200 201 42.193827 87.164430 12910 -70991 60 0
630 216298400 336 42.193853 87.164411 12754 -70693 60 0
631 216298600 334 42.193880 87.164393 12598 -70397 60 0
632 216298800 335 42.193907 87.164374 12442 -70100 60 0
633 216299000 334 42.193934 87.164355 12287 -69804 60 0
634 216299200 334 42.193960 87.164336 12132 -69508 59 0
635 216299400 400 42.193992 87.164314 11946 -69153 59 0
636 216299600 333 42.194019 87.164295 11791 -68858 59 0
637 216299800 332 42.194045 87.164277 11637 -68563 59 0
638 216300000 332 42.194072 87.164258 11482 -68269 59 0
639 216300200 331 42.194098 87.164239 11328 -67975 59 0
640 216300400 331 42.194125 87.164221 11174 -67681 59 0
641 216300600 329 42.194151 87.164202 11021 -67389 59 0
642 216300800 330 42.194178 87.164184 10869 -67096 59 0
643 216301000 329 42.194204 87.164166 10716 -66804 59 0
644 216301200 330 42.194230 87.164147 10564 -66511 59 0
645 216301400 328 42.194257 87.164129 10411 -66220 59 0
646 216301600 328 42.194283 87.164111 10259 -65929 58 0
647 216301800 327 42.194309 87.164092 10107 -65639 58 0
648 216302000 326 42.194335 87.164074 9956 -65349 58 0
649 216302200 326 42.194361 87.164056 9805 -65059 58 0
650 216302400 326 42.194387 87.164038 9654 -64769 58 0
651 216302600 326 42.194413 87.164019 9503 -64480 58 0
652 216302800 325 42.194439 87.164001 9353 -64191 58 0
653 216303000 324 42.194465 87.163983 9203 -63903 58 0
654 216303200 325 42.194491 87.163965 9052 -63615 58 0
655 216303400 323 42.194517 87.163947 8902 -63328 58 0
656 216303600 323 42.194543 87.163929 8753 -63041 58 0
657 216303800 322 42.194569 87.163911 8603 -62755 58 0
658 216304000 322 42.194595 87.163893 8453 -62469 57 0
659 216304200 321 42.194620 87.163875 8304 -62184 57 0
660 216304400 321 42.194646 87.163857 8155 -61899 57 0
661 216304600 320 42.194672 87.163839 8007 -61615 57 0
662 216304800 319 42.194697 87.163821 7859 -61332 57 0
663 216305000 319 42.194723 87.163803 7710 -61049 56 0
664 216305200 317 42.194748 87.163785 7563 -60768 57 0
665 216305400 317 42.194773 87.163767 7415 -60487 56 0
666 216305600 317 42.194799 87.163750 7268 -60206 56 0
667 216305800 316 42.194824 87.163732 7121 -59926 56 0
668 216306000 315 42.194849 87.163714 6974 -59647 56 0
669 216306200 314 42.194874 87.163697 6828 -59368 56 0
670 216306400 314 42.194899 87.163679 6683 -59089 56 0
671 216306600 314 42.194924 87.163662 6537 -58811 56 0
672 216306800 314 42.194949 87.163644 6391 -58533 56 0
673 216307000 315 42.194975 87.163626 6245 -58253 56 0
674 216307200 316 42.195000 87.163609 6098 -57973 57 0
675 216307400 317 42.195025 87.163591 5951 -57692 57 0
676 216307600 318 42.195050 87.163573 5802 -57411 57 0
677 216307800 319 42.195076 87.163555 5654 -57128 57 0
678 216308000 320 42.195101 87.163537 5504 -56845 58 0
679 216308200 321 42.195127 87.163519 5355 -56560 58 0
680 216308400 323 42.195153 87.163501 5203 -56275 58 0
681 216308600 323 42.195179 87.163482 5052 -55989 58 0
682 216308800 325 42.195204 87.163464 4900 -55701 58 0
683 216309000 325 42.195230 87.163446 4748 -55413 59 0
684 216309200 327 42.195257 87.163427 4595 -55123 59 0
685 216309400 328 42.195283 87.163409 4441 -54833 59 0
686 216309600 331 42.195309 87.163390 4287 -54540 59 0
687 216309800 331 42.195335 87.163371 4131 -54247 60 0
688 216310000 332 42.195362 87.163352 3975 -53953 60 0
689 216310200 334 42.195389 87.163333 3819 -53657 60 0
690 216310400 335 42.195415 87.163314 3662 -53360 60 0
691 216310600 337 42.195442 87.163295 3503 -53062 61 0
692 216310800 338 42.195469 87.163276 3344 -52763 61 0
693 216311000 341 42.195496 87.163257 3184 -52461 61 0
694 216311200 341 42.195524 87.163237 3024 -52159 62 0
695 216311400 343 42.195551 87.163218 2862 -51856 62 0
696 216311600 346 42.195579 87.163198 2700 -51550 62 0
697 216311800 346 42.195606 87.163179 2537 -51244 62 0
698 216312000 350 42.195634 87.163159 2372 -50935 63 0
699 216312200 349 42.195662 87.163139 2208 -50626 63 0
700 216312400 352 42.195690 87.163119 2042 -50315 63 0
701 216312600 284 42.195712 87.163103 1908 -50064 63 0
702 216312800 354 42.195741 87.163083 1741 -49751 63 0
703 216313000 424 42.195774 87.163059 1541 -49377 63 0
704 216313200 352 42.195802 87.163039 1375 -49066 62 0
705 216313400 280 42.195825 87.163023 1243 -48818 62 0
706 216313600 420 42.195858 87.162999 1046 -48447 62 0
707 216313800 278 42.195880 87.162983 915 -48201 62 0
708 216314000 417 42.195914 87.162960 719 -47832 62 0
709 216314200 345 42.195941 87.162940 558 -47526 61 0
710 216314400 275 42.195963 87.162924 428 -47283 61 0
711 216314600 341 42.195990 87.162905 268 -46981 60 0
712 216314800 405 42.196023 87.162882 78 -46623 59 0
713 216315000 333 42.196049 87.162864 -77 -46328 59 0
714 216315200 264 42.196070 87.162849 -200 -46094 58 0
715 216315400 326 42.196096 87.162830 -352 -45805 57 0
716 216315600 325 42.196122 87.162812 -503 -45517 57 0
717 216315800 320 42.196148 87.162794 -651 -45233 56 0
718 216316000 381 42.196178 87.162773 -827 -44894 56 0
719 216316200 252 42.196199 87.162759 -944 -44670 55 0
720 216316400 313 42.196224 87.162742 -1088 -44392 55 0
721 216316600 311 42.196249 87.162724 -1232 -44116 55 0
722 216316800 308 42.196273 87.162707 -1374 -43842 55 0
723 216317000 368 42.196303 87.162687 -1544 -43515 54 0
724 216317200 244 42.196322 87.162673 -1656 -43298 54 0
725 216317400 303 42.196347 87.162656 -1796 -43029 54 0
726 216317600 302 42.196371 87.162639 -1936 -42761 53 0
727 216317800 299 42.196395 87.162623 -2074 -42495 52 0
728 216318000 293 42.196418 87.162607 -2209 -42234 51 0
729 216318200 290 42.196441 87.162590 -2343 -41976 51 0
730 216318400 284 42.196464 87.162575 -2474 -41723 50 0
731 216318600 281 42.196487 87.162559 -2603 -41473 50 0
732 216318800 279 42.196509 87.162544 -2731 -41225 49 0
733 216319000 334 42.196536 87.162525 -2884 -40928 49 0
734 216319200 221 42.196554 87.162513 -2985 -40731 49 0
735 216319400 275 42.196576 87.162498 -3112 -40486 49 0
736 216319600 275 42.196598 87.162482 -3238 -40241 49 0
737 216319800 274 42.196620 87.162467 -3365 -39998 48 0
738 216320000 273 42.196642 87.162452 -3490 -39755 48 0
739 216320200 269 42.196663 87.162437 -3615 -39516 47 0
740 216320400 267 42.196685 87.162422 -3739 -39279 47 0
741 216320600 266 42.196706 87.162407 -3862 -39043 47 0
742 216320800 263 42.196727 87.162392 -3984 -38810 46 0
743 216321000 365 42.196756 87.162372 -4154 -38486 46 0
744 216321200 154 42.196768 87.162363 -4226 -38349 46 0
745 216321400 256 42.196789 87.162349 -4346 -38122 45 0
746 216321600 254 42.196809 87.162334 -4464 -37897 44 0
747 216321800 251 42.196829 87.162320 -4582 -37675 44 0
748 216322000 348 42.196857 87.162300 -4744 -37367 44 0
749 216322200 148 42.196868 87.162292 -4814 -37236 43 0
750 216322400 243 42.196888 87.162278 -4928 -37021 43 0
751 216322600 241 42.196907 87.162264 -5042 -36808 42 0
752 216322800 238 42.196926 87.162251 -5154 -36597 42 0
753 216323000 234 42.196945 87.162238 -5264 -36390 41 0
754 216323200 232 42.196963 87.162225 -5373 -36185 41 0
755 216323400 229 42.196982 87.162212 -5480 -35982 40 0
756 216323600 226 42.197000 87.162199 -5586 -35782 40 0
757 216323800 223 42.197017 87.162186 -5691 -35585 39 0
758 216324000 307 42.197042 87.162169 -5834 -35313 38 0
759 216324200 130 42.197052 87.162162 -5895 -35198 38 0
760 216324400 214 42.197069 87.162149 -5995 -35008 37 0
761 216324600 211 42.197086 87.162138 -6094 -34821 37 0
762 216324800 250 42.197106 87.162123 -6211 -34599 37 0
763 216325000 247 42.197126 87.162110 -6327 -34380 36 0
764 216325200 163 42.197139 87.162100 -6403 -34235 36 0
765 216325400 202 42.197155 87.162089 -6497 -34056 35 0
766 216325600 201 42.197171 87.162078 -6591 -33878 35 0
767 216325800 197 42.197187 87.162067 -6683 -33703 35 0
768 216326000 237 42.197206 87.162053 -6794 -33493 34 0
769 216326200 157 42.197218 87.162044 -6867 -33354 34 0
770 216326400 193 42.197234 87.162033 -6957 -33183 34 0
771 216326600 192 42.197249 87.162023 -7047 -33013 34 0
772 216326800 192 42.197264 87.162012 -7137 -32843 34 0
773 216327000 228 42.197283 87.161999 -7245 -32642 33 0
774 216327200 151 42.197295 87.161990 -7316 -32508 33 0
775 216327400 187 42.197310 87.161979 -7404 -32342 33 0
776 216327600 187 42.197324 87.161969 -7492 -32177 33 0
777 216327800 186 42.197339 87.161958 -7579 -32012 33 0
778 216328000 186 42.197354 87.161948 -7666 -31847 33 0
779 216328200 183 42.197369 87.161937 -7753 -31685 32 0
780 216328400 181 42.197383 87.161927 -7838 -31525 32 0
781 216328600 178 42.197397 87.161917 -7922 -31367 31 0
782 216328800 175 42.197411 87.161907 -8005 -31212 31 0
783 216329000 172 42.197425 87.161897 -8087 -31060 30 0
784 216329200 169 42.197438 87.161887 -8167 -30911 30 0
785 216329400 167 42.197452 87.161878 -8245 -30763 29 0
786 216329600 165 42.197465 87.161868 -8323 -30617 29 0
787 216329800 163 42.197478 87.161859 -8400 -30473 28 0
788 216330000 161 42.197491 87.161850 -8477 -30331 28 0
789 216330200 159 42.197503 87.161841 -8552 -30190 28 0
790 216330400 156 42.197516 87.161832 -8626 -30052 27 0
791 216330600 153 42.197528 87.161823 -8698 -29917 27 0
792 216330800 150 42.197540 87.161815 -8769 -29784 26 0
793 216331000 146 42.197552 87.161807 -8837 -29654 26 0
794 216331200 143 42.197563 87.161799 -8904 -29527 25 0
795 216331400 139 42.197574 87.161791 -8970 -29404 24 0
796 216331600 136 42.197585 87.161783 -9033 -29283 23 0
797 216331800 131 42.197596 87.161776 -9094 -29166 23 0
798 216332000 127 42.197606 87.161769 -9153 -29053 22 0
799 216332200 124 42.197616 87.161762 -9211 -28943 22 0
800 216332400 122 42.197626 87.161755 -9267 -28834 21 0
801 216332600 121 42.197636 87.161748 -9323 -28726 21 0
802 216332800 120 42.197645 87.161742 -9379 -28619 21 0
803 216333000 120 42.197655 87.161735 -9435 -28512 21 0
804 216333200 118 42.197664 87.161728 -9489 -28406 21 0
805 216333400 119 42.197674 87.161722 -9544 -28300 21 0
806 216333600 117 42.197683 87.161715 -9599 -28196 20 0
807 216333800 114 42.197693 87.161709 -9651 -28094 20 0
808 216334000 112 42.197702 87.161702 -9703 -27994 19 0
809 216334200 109 42.197710 87.161696 -9754 -27897 19 0
810 216334400 107 42.197719 87.161690 -9803 -27801 19 0
811 216334600 106 42.197727 87.161685 -9852 -27707 19 0
812 216334800 106 42.197736 87.161679 -9901 -27613 18 0
813 216335000 105 42.197744 87.161673 -9949 -27519 18 0
814 216335200 104 42.197753 87.161667 -9997 -27426 18 0
815 216335400 104 42.197761 87.161661 -10046 -27334 18 0
816 216335600 103 42.197769 87.161655 -10094 -27242 18 0
817 216335800 102 42.197777 87.161649 -10141 -27151 18 0
818 216336000 102 42.197785 87.161643 -10189 -27061 17 0
819 216336400 196 42.197800 87.161631 -10284 -26889 16 0
820 216336800 184 42.197814 87.161618 -10377 -26730 15 0
821 216337200 175 42.197826 87.161604 -10472 -26583 14 0
822 216337600 171 42.197837 87.161589 -10574 -26445 14 0
823 216338000 166 42.197846 87.161573 -10684 -26320 13 0
824 216338400 147 42.197853 87.161557 -10792 -26220 13 0
825 216338800 175 42.197858 87.161537 -10934 -26117 12 0
826 216339200 140 42.197861 87.161519 -11057 -26050 12 0
827 216339600 149 42.197862 87.161501 -11196 -25996 11 0
828 216340000 152 42.197861 87.161482 -11343 -25955 10 0
829 216340400 117 42.197858 87.161467 -11460 -25947 11 0
830 216340800 137 42.197854 87.161451 -11597 -25948 11 0
831 216341200 142 42.197849 87.161435 -11738 -25967 11 0
832 216341600 141 42.197841 87.161420 -11875 -26004 11 0
833 216342000 152 42.197832 87.161406 -12017 -26060 11 0
834 216342400 123 42.197823 87.161396 -12121 -26127 11 0
835 216342800 139 42.197812 87.161386 -12231 -26213 11 0
836 216343200 142 42.197801 87.161378 -12331 -26314 11 0
837 216343600 144 42.197788 87.161372 -12419 -26429 12 0
838 216344000 147 42.197774 87.161368 -12493 -26557 12 0
839 216344400 151 42.197761 87.161366 -12550 -26697 12 0
840 216344800 155 42.197746 87.161366 -12594 -26846 13 0
841 216345200 159 42.197732 87.161369 -12617 -27004 13 0
842 216345600 163 42.197717 87.161374 -12619 -27167 13 0
843 216346000 167 42.197703 87.161382 -12598 -27333 14 0
844 216346400 171 42.197689 87.161391 -12558 -27500 14 0
845 216346800 174 42.197675 87.161401 -12500 -27665 14 0
846 216347200 178 42.197662 87.161414 -12424 -27827 15 0
847 216347600 181 42.197649 87.161428 -12332 -27984 15 0
848 216348000 221 42.197634 87.161446 -12202 -28163 16 0
849 216348400 151 42.197625 87.161459 -12109 -28282 16 0
850 216348800 189 42.197613 87.161476 -11982 -28423 16 0
851 216349000 132 42.197604 87.161487 -11890 -28518 16 0
852 216349400 152 42.197595 87.161501 -11783 -28627 16 0
853 216349800 188 42.197583 87.161517 -11649 -28759 16 0
854 216350000 130 42.197575 87.161529 -11554 -28848 16 0
855 216350400 167 42.197565 87.161543 -11433 -28964 17 0
856 216350800 188 42.197553 87.161560 -11296 -29094 17 0
857 216351000 115 42.197545 87.161569 -11213 -29175 17 0
858 216351400 178 42.197533 87.161584 -11087 -29301 18 0
859 216351600 100 42.197526 87.161591 -11018 -29374 19 0
860 216351800 104 42.197519 87.161599 -10948 -29451 19 0
861 216352000 106 42.197511 87.161607 -10877 -29531 19 0
862 216352200 109 42.197503 87.161615 -10807 -29615 20 0
863 216352400 112 42.197495 87.161622 -10737 -29703 21 0
864 216352600 115 42.197486 87.161630 -10667 -29795 21 0
865 216352800 118 42.197477 87.161638 -10597 -29891 22 0
866 216353000 122 42.197468 87.161646 -10527 -29992 22 0
867 216353200 124 42.197458 87.161653 -10459 -30096 22 0
868 216353400 125 42.197448 87.161661 -10391 -30201 22 0
869 216353600 124 42.197439 87.161669 -10325 -30307 22 0
870 216353800 125 42.197429 87.161676 -10260 -30414 22 0
871 216354000 124 42.197419 87.161684 -10196 -30521 22 0
872 216354200 122 42.197409 87.161691 -10134 -30627 22 0
873 216354400 124 42.197400 87.161698 -10072 -30735 22 0
874 216354600 122 42.197390 87.161705 -10013 -30842 22 0
875 216354800 122 42.197380 87.161712 -9954 -30949 21 0
876 216355000 123 42.197370 87.161718 -9896 -31058 22 0
877 216355200 121 42.197360 87.161725 -9839 -31165 22 0
878 216355400 123 42.197351 87.161732 -9781 -31274 22 0
879 216355600 123 42.197341 87.161739 -9723 -31383 22 0
880 216355800 124 42.197331 87.161746 -9665 -31493 23 0
881 216356000 129 42.197320 87.161753 -9605 -31608 23 0
882 216356200 131 42.197310 87.161761 -9544 -31724 24 0
883 216356400 134 42.197299 87.161768 -9482 -31843 24 0
884 216356600 138 42.197288 87.161776 -9418 -31966 25 0
885 216356800 142 42.197277 87.161784 -9352 -32092 25 0
886 216357000 144 42.197265 87.161792 -9285 -32220 26 0
887 216357200 146 42.197253 87.161800 -9217 -32350 27 0
888 216357400 152 42.197241 87.161808 -9146 -32485 27 0
889 216357600 154 42.197229 87.161817 -9075 -32622 28 0
890 216357800 156 42.197216 87.161826 -9003 -32761 28 0
891 216358000 161 42.197204 87.161835 -8929 -32904 29 0
892 216358200 161 42.197191 87.161844 -8854 -33047 29 0
893 216358400 165 42.197177 87.161853 -8778 -33194 30 0
894 216358600 169 42.197164 87.161862 -8700 -33344 30 0
895 216358800 170 42.197150 87.161872 -8620 -33495 31 0
896 216359000 174 42.197136 87.161882 -8539 -33650 31 0
897 216359200 177 42.197122 87.161892 -8457 -33807 32 0
898 216359400 180 42.197108 87.161902 -8373 -33967 32 0
899 216359600 182 42.197093 87.161912 -8288 -34128 32 0
900 216359800 181 42.197079 87.161922 -8203 -34288 32 0
901 216360000 181 42.197065 87.161933 -8118 -34448 32 0
902 216360200 180 42.197050 87.161943 -8033 -34607 32 0
903 216360400 180 42.197036 87.161953 -7949 -34767 32 0
904 216360600 179 42.197022 87.161963 -7864 -34925 32 0
905 216360800 178 42.197007 87.161973 -7780 -35083 32 0
906 216361000 178 42.196993 87.161984 -7696 -35241 32 0
907 216361200 178 42.196979 87.161994 -7612 -35399 32 0
908 216361400 179 42.196965 87.162004 -7528 -35558 32 0
909 216361600 182 42.196950 87.162014 -7442 -35719 33 0
910 216361800 184 42.196935 87.162025 -7355 -35882 33 0
911 216362000 187 42.196920 87.162035 -7267 -36048 34 0
912 216362200 190 42.196905 87.162046 -7177 -36216 34 0
913 216362400 191 42.196890 87.162057 -7086 -36385 35 0
914 216362600 194 42.196875 87.162068 -6995 -36557 35 0
915 216362800 197 42.196859 87.162080 -6901 -36731 35 0
916 216363000 196 42.196843 87.162091 -6808 -36904 35 0
917 216363200 195 42.196828 87.162102 -6716 -37076 34 0
918 216363400 194 42.196812 87.162113 -6624 -37247 34 0
919 216363600 154 42.196800 87.162122 -6550 -37383 34 0
920 216363800 191 42.196785 87.162133 -6458 -37551 34 0
921 216364000 228 42.196767 87.162146 -6350 -37752 33 0
922 216364200 152 42.196755 87.162155 -6278 -37886 33 0
923 216364400 224 42.196737 87.162167 -6172 -38084 32 0
924 216364600 184 42.196722 87.162178 -6085 -38247 32 0
925 216364800 182 42.196708 87.162188 -6000 -38409 32 0
926 216365000 179 42.196693 87.162198 -5917 -38568 31 0
927 216365200 143 42.196682 87.162206 -5851 -38695 31 0
928 216365400 177 42.196667 87.162215 -5771 -38853 31 0
929 216365600 174 42.196653 87.162225 -5692 -39009 31 0
930 216365800 206 42.196637 87.162236 -5599 -39193 30 0
931 216366000 169 42.196623 87.162245 -5523 -39345 30 0
932 216366200 135 42.196612 87.162252 -5464 -39467 30 0
933 216366400 166 42.196598 87.162260 -5391 -39617 29 0
934 216366600 164 42.196585 87.162269 -5319 -39765 29 0
935 216366800 164 42.196571 87.162277 -5249 -39914 29 0
936 216367000 196 42.196555 87.162287 -5166 -40092 29 0
937 216367200 130 42.196544 87.162293 -5111 -40210 29 0
938 216367400 163 42.196531 87.162301 -5044 -40359 29 0
939 216367600 162 42.196518 87.162309 -4978 -40507 28 0
940 216367800 161 42.196504 87.162316 -4913 -40655 29 0
941 216368000 195 42.196488 87.162325 -4835 -40834 29 0
942 216368200 129 42.196477 87.162331 -4785 -40953 29 0
943 216368400 160 42.196464 87.162338 -4723 -41101 28 0
944 216368600 160 42.196450 87.162346 -4662 -41249 28 0
945 216368800 158 42.196437 87.162353 -4602 -41396 28 0
946 216369000 159 42.196424 87.162359 -4543 -41544 28 0
947 216369200 158 42.196410 87.162366 -4485 -41691 28 0
948 216369400 157 42.196397 87.162373 -4428 -41838 28 0
949 216369600 157 42.196384 87.162380 -4372 -41985 28 0
950 216369800 157 42.196370 87.162386 -4316 -42132 28 0
951 216370000 157 42.196357 87.162393 -4261 -42280 28 0
952 216370200 156 42.196344 87.162399 -4206 -42427 28 0
953 216370400 156 42.196330 87.162406 -4152 -42574 28 0
954 216370600 157 42.196317 87.162412 -4098 -42722 28 0
955 216370800 155 42.196304 87.162418 -4046 -42869 28 0
956 216371000 157 42.196291 87.162424 -3993 -43017 28 0
957 216371200 155 42.196277 87.162431 -3941 -43164 28 0
958 216371400 157 42.196264 87.162437 -3888 -43312 28 0
959 216371600 154 42.196251 87.162443 -3836 -43458 27 0
960 216371800 154 42.196238 87.162449 -3785 -43604 27 0
961 216372000 152 42.196225 87.162456 -3734 -43748 27 0
962 216372200 150 42.196212 87.162462 -3683 -43890 27 0
963 216372400 150 42.196199 87.162468 -3633 -44032 26 0
964 216372600 149 42.196186 87.162474 -3583 -44173 26 0
965 216372800 148 42.196174 87.162480 -3532 -44312 26 0
966 216373000 205 42.196157 87.162489 -3462 -44505 26 0
967 216373400 231 42.196137 87.162499 -3383 -44723 25 0
968 216373600 143 42.196125 87.162505 -3333 -44857 25 0
969 216373800 143 42.196113 87.162511 -3283 -44991 25 0
970 216374000 140 42.196101 87.162517 -3233 -45122 25 0
971 216374200 140 42.196089 87.162523 -3183 -45253 24 0
972 216374400 139 42.196078 87.162529 -3132 -45383 24 0
973 216374600 138 42.196066 87.162535 -3082 -45512 24 0
974 216374800 136 42.196055 87.162542 -3032 -45639 24 0
975 216375000 135 42.196043 87.162548 -2982 -45765 24 0
976 216375200 134 42.196032 87.162554 -2932 -45890 24 0
977 216375400 134 42.196021 87.162560 -2881 -46014 23 0
978 216375600 134 42.196010 87.162567 -2830 -46138 23 0
979 216375800 159 42.195997 87.162575 -2767 -46284 23 0
980 216376000 106 42.195988 87.162580 -2726 -46382 23 0
981 216376200 157 42.195976 87.162589 -2660 -46525 23 0
982 216376400 131 42.195965 87.162596 -2605 -46644 22 0
983 216376600 130 42.195955 87.162603 -2548 -46761 22 0
984 216376800 128 42.195945 87.162611 -2491 -46876 22 0
985 216377000 129 42.195935 87.162619 -2430 -46990 22 0
986 216377200 127 42.195925 87.162628 -2368 -47101 22 0
987 216377400 127 42.195916 87.162637 -2303 -47211 22 0
988 216377600 125 42.195907 87.162646 -2235 -47317 21 0
989 216377800 125 42.195898 87.162656 -2164 -47420 21 0
990 216378000 149 42.195889 87.162669 -2075 -47540 21 0
991 216378400 219 42.195876 87.162689 -1932 -47706 20 0
992 216378600 118 42.195870 87.162701 -1847 -47789 19 0
993 216378800 117 42.195864 87.162713 -1759 -47867 19 0
994 216379000 115 42.195859 87.162726 -1668 -47938 19 0
995 216379200 114 42.195856 87.162739 -1573 -48002 18 0
996 216379400 110 42.195853 87.162752 -1477 -48057 17 0
997 216379600 108 42.195851 87.162765 -1379 -48103 17 0
998 216379800 107 42.195850 87.162778 -1279 -48142 17 0
999 216380000 105 42.195850 87.162791 -1178 -48172 17 0
1000 216380200 104 42.195850 87.162804 -1076 -48194 16 0
1001 216380400 102 42.195852 87.162817 -974 -48207 16 0
1002 216380600 102 42.195854 87.162829 -872 -48212 16 0
1003 216381000 197 42.195861 87.162852 -675 -48195 16 0
1004 216381400 192 42.195871 87.162872 -489 -48146 15 0
1005 216381800 186 42.195883 87.162888 -321 -48065 15 0
1006 216382200 181 42.195897 87.162901 -175 -47958 14 0
1007 216382600 176 42.195912 87.162910 -52 -47832 14 0
1008 216383000 177 42.195928 87.162916 46 -47684 15 0
1009 216383400 185 42.195945 87.162919 122 -47515 16 0
1010 216383800 192 42.195963 87.162918 168 -47328 17 0
1011 216384200 202 42.195981 87.162914 186 -47126 18 0
1012 216384400 106 42.195990 87.162911 184 -47020 18 0
1013 216384600 111 42.196000 87.162908 176 -46909 19 0
1014 216384800 113 42.196010 87.162904 161 -46797 20 0
1015 216385000 116 42.196020 87.162899 139 -46683 20 0
1016 216385200 119 42.196030 87.162894 110 -46567 21 0
1017 216385400 122 42.196040 87.162888 74 -46450 21 0
1018 216385600 123 42.196050 87.162882 33 -46333 22 0
1019 216385800 126 42.196061 87.162875 -11 -46214 22 0
1020 216386000 128 42.196071 87.162869 -60 -46095 22 0
1021 216386200 130 42.196082 87.162862 -111 -45975 22 0
1022 216386400 129 42.196092 87.162855 -165 -45857 22 0
1023 216386600 128 42.196103 87.162848 -219 -45740 22 0
1024 216386800 128 42.196113 87.162840 -275 -45624 22 0
1025 216387000 128 42.196123 87.162833 -333 -45509 22 0
1026 216387200 126 42.196133 87.162826 -391 -45397 22 0
1027 216387400 126 42.196143 87.162818 -450 -45285 22 0
1028 216387600 126 42.196153 87.162810 -511 -45174 22 0
1029 216387800 125 42.196163 87.162803 -572 -45064 22 0
1030 216388000 126 42.196173 87.162795 -634 -44954 22 0
1031 216388200 127 42.196183 87.162788 -697 -44843 23 0
1032 216388400 128 42.196193 87.162780 -761 -44731 23 0
1033 216388600 133 42.196203 87.162772 -827 -44615 24 0
1034 216388800 135 42.196213 87.162763 -895 -44498 25 0
1035 216389000 139 42.196224 87.162755 -965 -44377 25 0
1036 216389200 142 42.196235 87.162746 -1036 -44254 26 0
1037 216389400 116 42.196245 87.162739 -1095 -44153 26 0
1038 216389600 148 42.196256 87.162730 -1170 -44025 27 0
1039 216389800 152 42.196268 87.162721 -1246 -43893 27 0
1040 216390000 186 42.196282 87.162710 -1341 -43732 28 0
1041 216390200 125 42.196292 87.162702 -1404 -43623 28 0
1042 216390400 193 42.196307 87.162690 -1502 -43456 29 0
1043 216390600 163 42.196320 87.162680 -1584 -43314 30 0
1044 216390800 133 42.196331 87.162672 -1651 -43199 30 0
1045 216391000 203 42.196346 87.162660 -1754 -43023 31 0
1046 216391200 137 42.196357 87.162651 -1823 -42904 31 0
1047 216391400 211 42.196374 87.162639 -1929 -42721 32 0
1048 216391600 179 42.196388 87.162628 -2019 -42566 32 0
1049 216391800 145 42.196399 87.162619 -2091 -42440 32 0
1050 216392000 216 42.196416 87.162606 -2199 -42252 32 0
1051 216392200 143 42.196427 87.162598 -2270 -42127 32 0
1052 216392400 179 42.196442 87.162588 -2357 -41970 32 0
1053 216392600 179 42.196456 87.162577 -2444 -41813 32 0
1054 216392800 179 42.196470 87.162567 -2530 -41656 32 0
1055 216393000 213 42.196487 87.162555 -2631 -41468 31 0
1056 216393200 142 42.196498 87.162547 -2699 -41343 32 0
1057 216393400 178 42.196513 87.162537 -2783 -41186 32 0
1058 216393600 178 42.196527 87.162527 -2867 -41028 32 0
1059 216393800 179 42.196541 87.162517 -2951 -40869 33 0
1060 216394000 221 42.196559 87.162504 -3055 -40674 33 0
1061 216394200 149 42.196571 87.162496 -3125 -40542 34 0
1062 216394400 187 42.196586 87.162485 -3213 -40376 34 0
1063 216394600 191 42.196601 87.162474 -3303 -40207 35 0
1064 216394800 194 42.196616 87.162463 -3393 -40035 35 0
1065 216395000 236 42.196635 87.162450 -3504 -39826 36 0
1066 216395200 160 42.196648 87.162441 -3578 -39684 36 0
1067 216395400 201 42.196664 87.162430 -3671 -39505 37 0
1068 216395600 204 42.196680 87.162419 -3766 -39324 37 0
1069 216395800 207 42.196697 87.162407 -3862 -39140 37 0
1070 216396000 295 42.196721 87.162391 -3998 -38878 38 0
1071 216396200 128 42.196731 87.162384 -4058 -38764 39 0
1072 216396400 216 42.196748 87.162372 -4157 -38572 39 0
1073 216396600 219 42.196766 87.162359 -4258 -38377 40 0
1074 216396800 221 42.196784 87.162347 -4360 -38180 40 0
1075 216397000 316 42.196809 87.162330 -4505 -37899 41 0
1076 216397200 136 42.196820 87.162322 -4568 -37778 41 0
1077 216397400 229 42.196838 87.162309 -4673 -37574 41 0
1078 216397600 230 42.196857 87.162297 -4778 -37369 41 0
1079 216397800 232 42.196875 87.162284 -4885 -37163 41 0
1080 216398000 323 42.196901 87.162266 -5033 -36875 41 0
1081 216398200 139 42.196912 87.162258 -5097 -36751 41 0
1082 216398400 230 42.196931 87.162245 -5203 -36546 40 0
1083 216398600 229 42.196949 87.162233 -5309 -36342 40 0
1084 216398800 228 42.196968 87.162220 -5414 -36139 40 0
1085 216399000 317 42.196993 87.162202 -5560 -35857 40 0
1086 216399200 135 42.197004 87.162195 -5622 -35736 40 0
1087 216399400 224 42.197022 87.162182 -5726 -35537 40 0
1088 216399600 224 42.197040 87.162170 -5829 -35338 39 0
1089 216399800 222 42.197057 87.162157 -5933 -35141 39 0
1090 216400000 309 42.197082 87.162140 -6076 -34867 39 0
1091 216400200 132 42.197093 87.162132 -6138 -34750 39 0
1092 216400400 220 42.197110 87.162120 -6240 -34555 39 0
1093 216400600 217 42.197128 87.162108 -6341 -34362 38 0
1094 216400800 216 42.197145 87.162096 -6442 -34170 38 0
1095 216401000 300 42.197169 87.162079 -6582 -33904 38 0
1096 216401200 170 42.197182 87.162069 -6662 -33753 37 0
1097 216401400 210 42.197199 87.162057 -6760 -33567 37 0
1098 216401600 208 42.197216 87.162046 -6857 -33383 36 0
1099 216401800 206 42.197232 87.162034 -6953 -33200 36 0
1100 216402000 203 42.197248 87.162023 -7047 -33020 36 0
1101 216402200 200 42.197264 87.162011 -7142 -32843 35 0
1102 216402400 199 42.197280 87.162000 -7235 -32667 35 0
1103 216402600 195 42.197296 87.161989 -7327 -32494 34 0
1104 216402800 194 42.197311 87.161978 -7418 -32322 34 0
1105 216403000 192 42.197327 87.161967 -7508 -32152 34 0
1106 216403200 190 42.197342 87.161956 -7597 -31984 33 0
1107 216403400 187 42.197357 87.161946 -7685 -31818 33 0
1108 216403600 185 42.197372 87.161935 -7771 -31654 32 0
1109 216403800 183 42.197386 87.161925 -7858 -31493 32 0
1110 216404000 217 42.197403 87.161912 -7960 -31301 32 0
1111 216404200 142 42.197415 87.161904 -8027 -31175 31 0
1112 216404400 175 42.197429 87.161894 -8110 -31020 31 0
1113 216404600 173 42.197443 87.161885 -8191 -30867 30 0
1114 216404800 170 42.197456 87.161875 -8270 -30716 30 0
1115 216405000 167 42.197469 87.161866 -8349 -30568 29 0
1116 216405200 165 42.197483 87.161856 -8426 -30422 29 0
1117 216405400 161 42.197496 87.161847 -8502 -30279 28 0
1118 216405600 161 42.197508 87.161838 -8577 -30136 28 0
1119 216405800 159 42.197521 87.161829 -8651 -29995 28 0
1120 216406000 157 42.197534 87.161820 -8724 -29855 28 0
1121 216406200 157 42.197546 87.161812 -8797 -29716 27 0
1122 216406400 152 42.197558 87.161803 -8868 -29581 26 0
1123 216406600 148 42.197570 87.161795 -8937 -29449 25 0
1124 216406800 143 42.197582 87.161787 -9004 -29322 25 0
1125 216407000 139 42.197593 87.161779 -9068 -29198 24 0
1126 216407200 137 42.197604 87.161772 -9131 -29076 24 0
1127 216407400 135 42.197615 87.161764 -9193 -28956 23 0
1128 216407600 132 42.197626 87.161757 -9253 -28838 23 0
1129 216407800 131 42.197636 87.161750 -9313 -28721 23 0
1130 216408000 129 42.197647 87.161743 -9371 -28605 22 0
1131 216408200 127 42.197657 87.161736 -9429 -28492 22 0
1132 216408400 124 42.197667 87.161729 -9485 -28381 22 0
1133 216408600 121 42.197677 87.161723 -9540 -28273 21 0
1134 216408800 118 42.197686 87.161716 -9593 -28167 20 0
1135 216409000 116 42.197695 87.161710 -9645 -28063 20 0
1136 216409200 113 42.197705 87.161704 -9696 -27962 20 0
1137 216409400 110 42.197714 87.161698 -9746 -27863 19 0
1138 216409600 110 42.197722 87.161692 -9795 -27764 19 0
1139 216409800 108 42.197731 87.161686 -9843 -27667 19 0
1140 216410000 108 42.197740 87.161680 -9892 -27570 19 0
1141 216410200 107 42.197749 87.161674 -9940 -27474 19 0
1142 216410400 107 42.197757 87.161668 -9989 -27378 18 0
1143 216410600 105 42.197766 87.161663 -10036 -27284 18 0
1144 216410800 101 42.197774 87.161657 -10082 -27194 17 0
1145 216411200 191 42.197789 87.161646 -10171 -27024 16 0
1146 216411600 180 42.197803 87.161634 -10257 -26865 15 0
1147 216412000 176 42.197816 87.161622 -10347 -26713 15 0
1148 216412400 175 42.197828 87.161608 -10443 -26566 14 0
1149 216412800 172 42.197839 87.161593 -10546 -26428 14 0
1150 216413200 169 42.197848 87.161576 -10658 -26301 14 0
1151 216413600 165 42.197855 87.161559 -10780 -26189 13 0
1152 216414000 160 42.197861 87.161540 -10909 -26094 12 0
1153 216414400 152 42.197864 87.161522 -11042 -26019 12 0
1154 216414800 134 42.197866 87.161505 -11166 -25966 12 0
1155 216415200 151 42.197865 87.161486 -11312 -25924 12 0
1156 216415600 168 42.197863 87.161465 -11479 -25899 12 0
1157 216416000 149 42.197858 87.161448 -11628 -25896 11 0
1158 216416400 130 42.197853 87.161433 -11756 -25919 12 0
1159 216416800 151 42.197845 87.161418 -11902 -25961 13 0
1160 216417200 161 42.197834 87.161403 -12049 -26028 13 0
1161 216417600 164 42.197822 87.161390 -12186 -26119 13 0
1162 216418000 184 42.197807 87.161380 -12324 -26241 13 0
1163 216418400 152 42.197793 87.161373 -12412 -26365 14 0
1164 216418800 172 42.197778 87.161369 -12495 -26516 14 0
1165 216419000 105 42.197768 87.161368 -12539 -26612 14 0
1166 216419400 160 42.197753 87.161369 -12575 -26768 15 0
1167 216419800 182 42.197737 87.161373 -12595 -26949 15 0
1168 216420000 112 42.197727 87.161377 -12599 -27061 15 0
1169 216420400 169 42.197713 87.161386 -12572 -27228 15 0
1170 216420800 192 42.197697 87.161397 -12520 -27413 16 0
1171 216421000 117 42.197688 87.161405 -12480 -27524 16 0
1172 216421400 181 42.197675 87.161419 -12398 -27686 17 0
1173 216421600 102 42.197668 87.161427 -12344 -27773 17 0
1174 216421800 103 42.197662 87.161436 -12285 -27858 17 0
1175 216422000 146 42.197652 87.161449 -12192 -27971 18 0
1176 216422400 170 42.197642 87.161464 -12079 -28099 18 0
1177 216422600 108 42.197636 87.161474 -12004 -28177 18 0
1178 216422800 108 42.197629 87.161484 -11927 -28253 19 0
1179 216423000 150 42.197620 87.161497 -11817 -28356 18 0
1180 216423400 171 42.197609 87.161512 -11692 -28474 19 0
1181 216423600 107 42.197603 87.161522 -11613 -28547 19 0
1182 216423800 106 42.197596 87.161531 -11535 -28619 18 0
1183 216424000 147 42.197587 87.161544 -11427 -28720 19 0
1184 216424400 169 42.197576 87.161558 -11304 -28836 19 0
1185 216424600 106 42.197569 87.161567 -11229 -28911 19 0
1186 216424800 106 42.197562 87.161575 -11154 -28987 19 0
1187 216425000 149 42.197551 87.161587 -11053 -29097 20 0
1188 216425400 177 42.197538 87.161600 -10935 -29229 21 0
1189 216425600 114 42.197530 87.161607 -10862 -29317 21 0
1190 216425800 117 42.197521 87.161615 -10790 -29410 22 0
1191 216426000 169 42.197508 87.161626 -10692 -29548 23 0
1192 216426400 202 42.197492 87.161638 -10579 -29716 23 0
1193 216426600 155 42.197479 87.161646 -10501 -29851 24 0
1194 216426800 133 42.197469 87.161654 -10434 -29967 24 0
1195 216427000 136 42.197458 87.161662 -10368 -30086 24 0
1196 216427200 134 42.197447 87.161669 -10304 -30204 24 0
1197 216427400 135 42.197436 87.161677 -10240 -30323 24 0
1198 216427600 133 42.197426 87.161684 -10177 -30441 24 0
1199 216427800 133 42.197415 87.161691 -10115 -30559 23 0
1200 216428000 160 42.197402 87.161700 -10041 -30701 23 0
1201 216428200 106 42.197394 87.161706 -9992 -30795 23 0
1202 216428400 131 42.197383 87.161713 -9932 -30912 23 0
1203 216428600 133 42.197372 87.161721 -9871 -31031 23 0
1204 216428800 134 42.197361 87.161728 -9810 -31151 24 0
1205 216429000 162 42.197348 87.161737 -9736 -31296 25 0
1206 216429200 112 42.197339 87.161743 -9685 -31396 25 0
1207 216429400 143 42.197328 87.161751 -9620 -31524 26 0
1208 216429600 146 42.197316 87.161759 -9554 -31655 26 0
1209 216429800 148 42.197304 87.161767 -9487 -31788 27 0
1210 216430000 183 42.197289 87.161777 -9404 -31952 28 0
1211 216430200 125 42.197279 87.161784 -9347 -32064 28 0
1212 216430400 159 42.197266 87.161792 -9275 -32206 29 0
1213 216430600 163 42.197253 87.161801 -9201 -32352 29 0
1214 216430800 165 42.197240 87.161810 -9126 -32499 30 0
1215 216431000 170 42.197226 87.161820 -9049 -32651 31 0
1216 216431200 171 42.197213 87.161829 -8970 -32803 31 0
1217 216431400 176 42.197199 87.161839 -8889 -32960 32 0
1218 216431600 179 42.197184 87.161849 -8806 -33119 32 0
1219 216431800 182 42.197170 87.161860 -8721 -33280 33 0
1220 216432000 185 42.197155 87.161870 -8634 -33444 33 0
1221 216432200 187 42.197140 87.161881 -8546 -33610 34 0
1222 216432400 191 42.197125 87.161892 -8456 -33779 34 0
1223 216432600 193 42.197109 87.161903 -8366 -33950 35 0
1224 216432800 195 42.197094 87.161914 -8274 -34123 35 0
1225 216433000 198 42.197078 87.161925 -8181 -34298 35 0
1226 216433200 200 42.197062 87.161936 -8087 -34475 36 0
1227 216433400 201 42.197046 87.161948 -7993 -34653 36 0
1228 216433600 202 42.197030 87.161959 -7898 -34832 36 0
1229 216433800 202 42.197014 87.161971 -7803 -35011 36 0
1230 216434000 201 42.196998 87.161982 -7708 -35189 36 0
1231 216434200 200 42.196982 87.161993 -7614 -35366 36 0
1232 216434400 200 42.196966 87.162005 -7520 -35543 35 0
1233 216434600 199 42.196950 87.162016 -7426 -35719 35 0
1234 216434800 196 42.196934 87.162027 -7334 -35893 34 0
1235 216435000 194 42.196919 87.162038 -7243 -36065 33 0
1236 216435200 189 42.196904 87.162049 -7154 -36232 33 0
1237 216435400 185 42.196889 87.162059 -7067 -36396 32 0
1238 216435600 180 42.196874 87.162069 -6983 -36556 31 0
1239 216435800 178 42.196860 87.162079 -6900 -36714 31 0
1240 216436000 177 42.196846 87.162089 -6818 -36871 31 0
1241 216436200 176 42.196832 87.162099 -6736 -37027 31 0
1242 216436400 176 42.196818 87.162109 -6654 -37183 31 0
1243 216436600 176 42.196804 87.162119 -6571 -37339 31 0
1244 216436800 173 42.196790 87.162129 -6490 -37492 30 0
1245 216437000 171 42.196776 87.162139 -6410 -37644 30 0
1246 216437200 167 42.196763 87.162148 -6332 -37792 29 0
1247 216437400 163 42.196750 87.162157 -6256 -37937 28 0
1248 216437600 159 42.196737 87.162166 -6182 -38078 27 0
1249 216437800 156 42.196725 87.162175 -6110 -38217 27 0
1250 216438000 153 42.196713 87.162183 -6038 -38353 27 0
1251 216438200 154 42.196700 87.162192 -5967 -38490 27 0
1252 216438400 153 42.196688 87.162201 -5895 -38626 27 0
1253 216438600 152 42.196676 87.162209 -5824 -38761 26 0
1254 216438800 148 42.196664 87.162218 -5755 -38893 25 0
1255 216439000 143 42.196652 87.162226 -5688 -39020 24 0
1256 216439200 138 42.196641 87.162233 -5623 -39142 24 0
1257 216439400 134 42.196631 87.162241 -5560 -39261 22 0
1258 216439600 128 42.196620 87.162248 -5500 -39375 22 0
1259 216439800 100 42.196612 87.162254 -5454 -39464 21 0
1260 216440000 144 42.196601 87.162262 -5386 -39592 20 0
1261 216440200 115 42.196592 87.162268 -5333 -39695 20 0
1262 216440400 110 42.196583 87.162275 -5281 -39793 19 0
1263 216440800 208 42.196566 87.162287 -5184 -39977 17 0
1264 216441200 172 42.196553 87.162296 -5103 -40129 16 0
1265 216441400 106 42.196544 87.162302 -5053 -40223 15 0
1266 216441800 158 42.196531 87.162311 -4979 -40363 12 0
1267 216442200 121 42.196522 87.162318 -4921 -40470 10 0
1268 216442600 110 42.196513 87.162324 -4870 -40568 8 0
1269 216443200 119 42.196504 87.162331 -4813 -40673 5 0
