0 183450600 0 42.196744 87.162160 -6233 -38008 16 0
1 183451000 165 42.196730 87.162169 -6157 -38155 16 0
2 183451400 191 42.196715 87.162180 -6068 -38325 17 0
3 183451800 189 42.196700 87.162190 -5980 -38493 16 0
4 183452200 186 42.196685 87.162201 -5894 -38658 16 0
5 183452600 185 42.196670 87.162211 -5808 -38822 16 0
6 183453000 189 42.196655 87.162222 -5720 -38990 17 0
7 183453200 100 42.196647 87.162227 -5673 -39079 18 0
8 183453600 208 42.196630 87.162239 -5576 -39264 19 0
9 183453800 109 42.196622 87.162245 -5525 -39361 20 0
10 183454000 113 42.196612 87.162251 -5473 -39462 20 0
11 183454200 115 42.196603 87.162257 -5420 -39565 21 0
12 183454600 217 42.196586 87.162269 -5322 -39759 21 0
13 183454800 122 42.196576 87.162275 -5267 -39868 21 0
14 183455000 146 42.196564 87.162283 -5201 -39999 21 0
15 183455400 214 42.196546 87.162294 -5107 -40192 20 0
16 183455600 116 42.196537 87.162300 -5057 -40297 20 0
17 183455800 112 42.196527 87.162305 -5009 -40399 19 0
18 183456000 132 42.196516 87.162311 -4954 -40519 19 0
19 183456400 192 42.196500 87.162320 -4877 -40695 18 0
20 183456600 102 42.196492 87.162325 -4837 -40789 18 0
21 183457000 216 42.196474 87.162334 -4753 -40989 17 0
22 183457400 169 42.196459 87.162341 -4691 -41147 16 0
23 183457800 190 42.196443 87.162349 -4623 -41325 17 0
24 183458200 193 42.196426 87.162356 -4557 -41507 17 0
25 183458600 195 42.196410 87.162364 -4492 -41691 17 0
26 183459000 196 42.196393 87.162371 -4429 -41877 17 0
27 183459400 198 42.196376 87.162379 -4366 -42065 17 0
28 183459800 199 42.196359 87.162386 -4303 -42254 17 0
29 183460200 200 42.196342 87.162394 -4240 -42444 17 0
30 183460400 100 42.196334 87.162398 -4208 -42539 17 0
31 183460800 198 42.196317 87.162406 -4143 -42727 17 0
32 183461200 197 42.196300 87.162415 -4077 -42913 17 0
33 183461600 192 42.196284 87.162424 -4010 -43093 16 0
34 183462000 181 42.196269 87.162433 -3944 -43262 15 0
35 183462400 171 42.196256 87.162443 -3876 -43419 14 0
36 183462800 163 42.196243 87.162454 -3805 -43566 13 0
37 183463200 160 42.196232 87.162466 -3728 -43707 14 0
38 183463600 162 42.196221 87.162479 -3640 -43844 13 0
39 183464000 163 42.196211 87.162494 -3542 -43975 13 0
40 183464400 159 42.196203 87.162510 -3435 -44093 12 0
41 183464800 153 42.196197 87.162527 -3319 -44194 12 0
42 183465200 157 42.196192 87.162545 -3190 -44284 13 0
43 183465600 158 42.196189 87.162564 -3050 -44359 13 0
44 183466000 158 42.196188 87.162583 -2902 -44415 12 0
45 183466400 157 42.196189 87.162603 -2749 -44451 12 0
46 183466800 168 42.196193 87.162623 -2581 -44461 12 0
47 183467200 150 42.196197 87.162640 -2431 -44452 12 0
48 183467600 147 42.196204 87.162656 -2286 -44424 12 0
49 183468000 148 42.196212 87.162671 -2145 -44377 11 0
50 183468400 145 42.196222 87.162683 -2015 -44311 11 0
51 183468800 145 42.196233 87.162693 -1896 -44228 11 0
52 183469200 144 42.196245 87.162701 -1792 -44128 11 0
53 183469600 143 42.196258 87.162707 -1703 -44015 11 0
54 183470000 143 42.196271 87.162710 -1632 -43890 11 0
55 183470400 145 42.196284 87.162710 -1580 -43754 12 0
56 183470800 149 42.196298 87.162709 -1547 -43608 12 0
57 183471200 153 42.196312 87.162705 -1534 -43455 12 0
58 183471600 159 42.196326 87.162699 -1543 -43296 13 0
59 183472000 162 42.196339 87.162691 -1572 -43136 14 0
60 183472400 167 42.196353 87.162683 -1616 -42974 14 0
61 183472800 175 42.196367 87.162673 -1677 -42809 15 0
62 183473200 187 42.196382 87.162662 -1755 -42638 17 0
63 183473600 198 42.196398 87.162651 -1843 -42460 18 0
64 183473800 102 42.196406 87.162645 -1890 -42369 18 0
65 183474000 104 42.196414 87.162639 -1938 -42276 18 0
66 183474200 103 42.196423 87.162633 -1986 -42184 18 0
67 183474400 102 42.196431 87.162628 -2034 -42093 18 0
68 183474600 102 42.196439 87.162622 -2082 -42002 18 0
69 183474800 101 42.196447 87.162616 -2129 -41912 18 0
70 183475000 102 42.196455 87.162610 -2177 -41822 18 0
71 183475200 100 42.196463 87.162605 -2224 -41733 17 0
72 183475400 100 42.196471 87.162599 -2271 -41644 17 0
73 183475600 100 42.196479 87.162593 -2317 -41555 17 0
74 183476000 198 42.196495 87.162582 -2410 -41380 17 0
75 183476200 100 42.196503 87.162577 -2456 -41291 17 0
76 183476400 100 42.196511 87.162571 -2503 -41202 18 0
77 183476600 102 42.196519 87.162565 -2551 -41111 19 0
78 183476800 107 42.196528 87.162559 -2601 -41016 19 0
79 183477000 109 42.196537 87.162553 -2652 -40919 19 0
80 183477200 111 42.196546 87.162547 -2704 -40820 20 0
81 183477400 115 42.196555 87.162540 -2758 -40718 20 0
82 183477600 117 42.196564 87.162534 -2813 -40614 21 0
83 183477800 119 42.196574 87.162527 -2869 -40508 21 0
84 183478000 123 42.196583 87.162519 -2927 -40399 22 0
85 183478200 126 42.196593 87.162512 -2987 -40288 23 0
86 183478400 104 42.196602 87.162506 -3037 -40196 23 0
87 183478600 157 42.196614 87.162497 -3112 -40057 24 0
88 183478800 135 42.196625 87.162489 -3176 -39938 24 0
89 183479000 138 42.196636 87.162481 -3242 -39816 25 0
90 183479200 142 42.196647 87.162473 -3310 -39691 25 0
91 183479400 145 42.196659 87.162465 -3380 -39563 26 0
92 183479600 119 42.196668 87.162458 -3437 -39458 26 0
93 183479800 150 42.196680 87.162449 -3508 -39325 27 0
94 183480000 180 42.196694 87.162439 -3595 -39167 26 0
95 183480200 151 42.196706 87.162430 -3667 -39034 26 0
96 183480400 149 42.196718 87.162422 -3738 -38902 26 0
97 183480600 119 42.196728 87.162415 -3795 -38797 26 0
98 183480800 149 42.196740 87.162406 -3865 -38665 26 0
99 183481000 177 42.196754 87.162396 -3950 -38509 26 0
100 183481200 119 42.196763 87.162390 -4006 -38404 26 0
101 183481400 147 42.196775 87.162381 -4076 -38274 26 0
102 183481600 148 42.196787 87.162373 -4145 -38143 26 0
103 183481800 150 42.196799 87.162364 -4215 -38010 27 0
104 183482000 183 42.196813 87.162354 -4301 -37848 28 0
105 183482200 125 42.196823 87.162347 -4359 -37737 28 0
106 183482400 158 42.196836 87.162338 -4433 -37597 28 0
107 183482600 161 42.196849 87.162329 -4508 -37454 29 0
108 183482800 165 42.196862 87.162320 -4585 -37308 30 0
109 183483000 201 42.196878 87.162309 -4678 -37129 30 0
110 183483200 136 42.196889 87.162301 -4741 -37008 31 0
111 183483400 174 42.196903 87.162291 -4822 -36854 31 0
112 183483600 177 42.196917 87.162282 -4904 -36697 32 0
113 183483800 180 42.196932 87.162271 -4987 -36537 32 0
114 183484000 182 42.196946 87.162261 -5071 -36375 33 0
115 183484200 185 42.196961 87.162251 -5157 -36211 33 0
116 183484400 188 42.196976 87.162240 -5244 -36044 34 0
117 183484600 190 42.196991 87.162230 -5333 -35876 34 0
118 183484800 191 42.197006 87.162219 -5422 -35706 34 0
119 183485000 193 42.197022 87.162208 -5513 -35535 34 0
120 183485200 195 42.197037 87.162197 -5604 -35362 35 0
121 183485400 195 42.197053 87.162186 -5696 -35189 35 0
122 183485600 197 42.197069 87.162174 -5789 -35015 35 0
123 183485800 197 42.197084 87.162163 -5882 -34841 35 0
124 183486000 195 42.197100 87.162152 -5974 -34668 34 0
125 183486200 193 42.197115 87.162141 -6065 -34497 34 0
126 183486400 191 42.197131 87.162130 -6156 -34328 34 0
127 183486600 191 42.197146 87.162119 -6246 -34159 33 0
128 183486800 189 42.197161 87.162109 -6335 -33992 33 0
129 183487000 188 42.197176 87.162098 -6424 -33826 33 0
130 183487200 186 42.197191 87.162087 -6512 -33662 33 0
131 183487400 185 42.197205 87.162077 -6599 -33498 32 0
132 183487600 184 42.197220 87.162066 -6686 -33335 32 0
133 183487800 183 42.197235 87.162056 -6772 -33173 32 0
134 183488000 181 42.197249 87.162046 -6857 -33013 31 0
135 183488200 177 42.197263 87.162036 -6940 -32856 31 0
136 183488400 175 42.197277 87.162026 -7022 -32701 30 0
137 183488600 170 42.197291 87.162016 -7102 -32550 30 0
138 183488800 168 42.197304 87.162007 -7181 -32401 29 0
139 183489000 165 42.197317 87.161997 -7258 -32254 29 0
140 183489200 162 42.197330 87.161988 -7335 -32111 28 0
141 183489400 160 42.197343 87.161979 -7409 -31969 28 0
142 183489600 158 42.197356 87.161970 -7483 -31829 27 0
143 183489800 155 42.197368 87.161961 -7556 -31692 27 0
144 183490000 153 42.197380 87.161953 -7627 -31556 26 0
145 183490200 148 42.197392 87.161944 -7696 -31424 25 0
146 183490400 144 42.197404 87.161936 -7764 -31297 24 0
147 183490600 140 42.197415 87.161928 -7829 -31173 24 0
148 183490800 136 42.197426 87.161921 -7893 -31053 23 0
149 183491000 130 42.197436 87.161913 -7954 -30938 22 0
150 183491200 126 42.197446 87.161906 -8013 -30826 21 0
151 183491400 122 42.197456 87.161899 -8070 -30718 21 0
152 183491600 119 42.197465 87.161892 -8126 -30612 20 0
153 183491800 115 42.197474 87.161886 -8181 -30511 20 0
154 183492000 111 42.197483 87.161879 -8234 -30413 19 0
155 183492200 107 42.197492 87.161873 -8285 -30318 19 0
156 183492400 108 42.197500 87.161866 -8337 -30223 19 0
157 183492600 107 42.197508 87.161859 -8390 -30129 19 0
158 183492800 127 42.197518 87.161851 -8453 -30018 18 0
159 183493000 107 42.197526 87.161844 -8507 -29925 18 0
160 183493200 106 42.197534 87.161836 -8563 -29835 18 0
161 183493400 105 42.197542 87.161829 -8620 -29746 18 0
162 183493600 105 42.197549 87.161821 -8680 -29659 18 0
163 183493800 104 42.197556 87.161812 -8740 -29573 17 0
164 183494000 104 42.197563 87.161804 -8803 -29490 18 0
165 183494200 103 42.197570 87.161795 -8867 -29409 18 0
166 183494400 104 42.197576 87.161786 -8935 -29330 17 0
167 183494600 104 42.197582 87.161776 -9005 -29253 17 0
168 183494800 103 42.197588 87.161766 -9078 -29179 17 0
169 183495000 104 42.197593 87.161755 -9155 -29108 16 0
170 183495200 102 42.197598 87.161744 -9233 -29042 17 0
171 183495400 100 42.197602 87.161734 -9313 -28981 16 0
172 183495800 196 42.197609 87.161712 -9476 -28872 16 0
173 183496200 189 42.197613 87.161689 -9644 -28784 15 0
174 183496600 182 42.197615 87.161667 -9815 -28720 15 0
175 183497000 179 42.197614 87.161645 -9990 -28678 14 0
176 183497400 172 42.197610 87.161624 -10162 -28663 13 0
177 183497800 165 42.197604 87.161606 -10327 -28677 13 0
178 183498200 160 42.197595 87.161589 -10483 -28715 12 0
179 183498600 154 42.197585 87.161576 -10624 -28777 12 0
180 183499000 150 42.197574 87.161565 -10750 -28859 12 0
181 183499400 150 42.197562 87.161556 -10862 -28959 12 0
182 183499800 153 42.197548 87.161551 -10957 -29079 13 0
183 183500200 158 42.197534 87.161547 -11034 -29218 14 0
184 183500600 166 42.197518 87.161548 -11089 -29375 14 0
185 183501000 176 42.197502 87.161551 -11120 -29549 14 0
186 183501400 183 42.197487 87.161559 -11117 -29732 15 0
187 183501800 190 42.197471 87.161571 -11080 -29919 16 0
188 183502200 195 42.197457 87.161584 -11010 -30102 17 0
189 183502400 101 42.197449 87.161592 -10964 -30192 17 0
190 183502600 104 42.197442 87.161600 -10911 -30282 18 0
191 183502800 105 42.197435 87.161609 -10852 -30370 18 0
192 183503000 110 42.197428 87.161618 -10786 -30458 19 0
193 183503200 110 42.197421 87.161627 -10717 -30544 19 0
194 183503400 109 42.197413 87.161636 -10646 -30628 19 0
195 183503600 109 42.197406 87.161644 -10573 -30710 19 0
196 183503800 109 42.197398 87.161653 -10501 -30792 19 0
197 183504000 107 42.197391 87.161662 -10430 -30873 19 0
198 183504200 108 42.197384 87.161670 -10358 -30954 19 0
199 183504600 213 42.197369 87.161687 -10216 -31114 19 0
200 183504800 107 42.197362 87.161696 -10146 -31195 19 0
201 183505000 107 42.197354 87.161704 -10075 -31276 19 0
202 183505200 109 42.197347 87.161712 -10003 -31359 20 0
203 183505400 112 42.197339 87.161721 -9931 -31446 20 0
204 183505600 115 42.197330 87.161729 -9857 -31535 21 0
205 183505800 119 42.197322 87.161738 -9781 -31627 22 0
206 183506000 122 42.197313 87.161747 -9705 -31723 22 0
207 183506200 125 42.197304 87.161755 -9629 -31823 23 0
208 183506400 103 42.197296 87.161762 -9567 -31906 23 0
209 183506600 130 42.197286 87.161771 -9491 -32012 24 0
210 183506800 135 42.197276 87.161780 -9414 -32123 25 0
211 183507000 166 42.197263 87.161790 -9322 -32262 25 0
212 183507200 114 42.197254 87.161797 -9260 -32358 26 0
213 183507400 145 42.197243 87.161806 -9183 -32482 27 0
214 183507600 149 42.197231 87.161815 -9105 -32610 27 0
215 183507800 152 42.197219 87.161824 -9027 -32741 27 0
216 183508000 185 42.197204 87.161835 -8933 -32901 27 0
217 183508200 123 42.197195 87.161842 -8873 -33009 27 0
218 183508400 153 42.197182 87.161851 -8798 -33143 27 0
219 183508600 153 42.197170 87.161860 -8724 -33277 27 0
220 183508800 152 42.197158 87.161868 -8652 -33411 27 0
221 183509000 152 42.197146 87.161877 -8580 -33545 27 0
222 183509200 150 42.197134 87.161885 -8510 -33678 27 0
223 183509400 150 42.197122 87.161894 -8439 -33811 27 0
224 183509600 150 42.197110 87.161902 -8370 -33945 27 0
225 183509800 150 42.197098 87.161910 -8300 -34078 27 0
226 183510000 150 42.197086 87.161919 -8231 -34212 27 0
227 183510200 153 42.197073 87.161927 -8161 -34349 28 0
228 183510400 156 42.197061 87.161935 -8089 -34488 28 0
229 183510600 158 42.197048 87.161944 -8017 -34629 29 0
230 183510800 162 42.197035 87.161953 -7943 -34774 29 0
231 183511000 165 42.197022 87.161962 -7868 -34921 30 0
232 183511200 168 42.197008 87.161971 -7791 -35071 30 0
233 183511400 170 42.196994 87.161981 -7713 -35223 31 0
234 183511600 173 42.196980 87.161990 -7634 -35378 31 0
235 183511800 177 42.196966 87.162000 -7553 -35536 32 0
236 183512000 179 42.196952 87.162010 -7471 -35696 32 0
237 183512200 183 42.196937 87.162020 -7387 -35859 33 0
238 183512400 186 42.196922 87.162030 -7303 -36025 33 0
239 183512600 187 42.196907 87.162041 -7217 -36192 33 0
240 183512800 190 42.196892 87.162051 -7130 -36361 34 0
241 183513000 190 42.196877 87.162062 -7043 -36531 34 0
242 183513200 192 42.196861 87.162073 -6955 -36702 34 0
243 183513400 192 42.196846 87.162083 -6866 -36873 34 0
244 183513600 192 42.196831 87.162094 -6777 -37044 34 0
245 183513800 191 42.196815 87.162105 -6688 -37213 34 0
246 183514000 191 42.196800 87.162116 -6597 -37382 33 0
247 183514200 190 42.196785 87.162127 -6507 -37550 33 0
248 183514400 187 42.196770 87.162138 -6418 -37715 33 0
249 183514600 187 42.196755 87.162149 -6329 -37880 33 0
250 183514800 185 42.196741 87.162159 -6240 -38043 32 0
251 183515000 185 42.196726 87.162170 -6152 -38206 32 0
252 183515200 183 42.196712 87.162181 -6065 -38367 32 0
253 183515400 180 42.196697 87.162191 -5979 -38526 32 0
254 183515600 181 42.196683 87.162201 -5892 -38685 31 0
255 183515800 178 42.196669 87.162212 -5807 -38842 31 0
256 183516000 177 42.196655 87.162222 -5722 -38998 31 0
257 183516200 176 42.196641 87.162232 -5637 -39153 31 0
258 183516400 174 42.196627 87.162242 -5553 -39306 30 0
259 183516600 173 42.196613 87.162252 -5470 -39458 30 0
260 183516800 169 42.196600 87.162262 -5389 -39607 29 0
261 183517000 166 42.196586 87.162271 -5310 -39754 29 0
262 183517200 162 42.196573 87.162280 -5234 -39898 28 0
263 183517400 160 42.196560 87.162288 -5161 -40041 28 0
264 183517600 157 42.196547 87.162296 -5091 -40182 27 0
265 183517800 154 42.196534 87.162303 -5025 -40322 27 0
266 183518000 151 42.196522 87.162310 -4962 -40460 27 0
267 183518200 150 42.196509 87.162317 -4902 -40598 26 0
268 183518400 147 42.196497 87.162323 -4844 -40734 26 0
269 183518600 146 42.196484 87.162329 -4790 -40870 25 0
270 183518800 172 42.196469 87.162336 -4728 -41031 25 0
271 183519000 141 42.196457 87.162342 -4680 -41164 25 0
272 183519200 140 42.196445 87.162347 -4633 -41296 24 0
273 183519400 137 42.196434 87.162352 -4588 -41426 24 0
274 183519600 135 42.196422 87.162357 -4545 -41554 24 0
275 183519800 134 42.196410 87.162361 -4504 -41682 23 0
276 183520000 132 42.196399 87.162366 -4463 -41808 23 0
277 183520200 130 42.196388 87.162371 -4424 -41933 23 0
278 183520400 130 42.196376 87.162375 -4385 -42058 23 0
279 183520600 130 42.196365 87.162380 -4346 -42183 23 0
280 183520800 129 42.196354 87.162385 -4307 -42307 22 0
281 183521000 129 42.196343 87.162390 -4268 -42430 22 0
282 183521200 129 42.196332 87.162395 -4229 -42553 22 0
283 183521400 127 42.196321 87.162400 -4188 -42674 22 0
284 183521600 126 42.196311 87.162406 -4148 -42794 22 0
285 183521800 126 42.196300 87.162411 -4106 -42913 22 0
286 183522000 124 42.196290 87.162417 -4064 -43030 21 0
287 183522200 123 42.196280 87.162423 -4020 -43145 21 0
288 183522400 120 42.196270 87.162430 -3975 -43257 20 0
289 183522600 118 42.196261 87.162437 -3927 -43365 20 0
290 183522800 115 42.196252 87.162444 -3878 -43470 19 0
291 183523000 113 42.196243 87.162452 -3825 -43570 19 0
292 183523200 112 42.196235 87.162460 -3770 -43668 19 0
293 183523400 111 42.196227 87.162468 -3712 -43763 19 0
294 183523600 110 42.196220 87.162477 -3651 -43855 18 0
295 183523800 110 42.196213 87.162487 -3585 -43943 18 0
296 183524000 108 42.196207 87.162497 -3516 -44027 18 0
297 183524200 106 42.196201 87.162508 -3443 -44105 17 0
298 183524400 106 42.196196 87.162519 -3367 -44179 17 0
299 183524600 104 42.196191 87.162530 -3287 -44246 17 0
300 183524800 102 42.196187 87.162541 -3205 -44308 16 0
301 183525000 100 42.196184 87.162553 -3121 -44364 16 0
302 183525400 192 42.196180 87.162576 -2951 -44454 15 0
303 183525800 182 42.196179 87.162598 -2779 -44516 14 0
304 183526200 173 42.196180 87.162620 -2609 -44551 13 0
305 183526600 166 42.196184 87.162640 -2443 -44562 13 0
306 183527000 157 42.196190 87.162657 -2286 -44548 12 0
307 183527400 152 42.196198 87.162673 -2138 -44512 12 0
308 183527800 146 42.196207 87.162687 -2002 -44457 11 0
309 183528200 141 42.196217 87.162698 -1880 -44386 11 0
310 183528600 135 42.196228 87.162707 -1774 -44301 10 0
311 183529000 130 42.196239 87.162713 -1684 -44207 10 0
312 183529400 126 42.196250 87.162718 -1609 -44105 10 0
313 183529800 124 42.196261 87.162720 -1549 -43996 10 0
314 183530200 126 42.196273 87.162721 -1503 -43878 10 0
315 183530600 118 42.196284 87.162719 -1473 -43763 11 0
316 183531000 154 42.196298 87.162716 -1456 -43609 12 0
317 183531400 153 42.196311 87.162711 -1460 -43456 13 0
318 183531800 148 42.196324 87.162705 -1479 -43309 14 0
319 183532000 106 42.196333 87.162699 -1500 -43205 15 0
320 183532400 167 42.196346 87.162690 -1548 -43045 16 0
321 183532800 199 42.196362 87.162678 -1624 -42861 17 0
322 183533000 127 42.196372 87.162670 -1680 -42747 18 0
323 183533400 193 42.196387 87.162659 -1770 -42576 18 0
324 183533600 106 42.196396 87.162653 -1821 -42482 19 0
325 183533800 106 42.196404 87.162647 -1871 -42388 18 0
326 183534000 127 42.196414 87.162640 -1931 -42276 19 0
327 183534400 191 42.196430 87.162629 -2020 -42106 19 0
328 183534600 107 42.196438 87.162623 -2071 -42011 19 0
329 183534800 111 42.196447 87.162617 -2123 -41912 20 0
330 183535000 115 42.196456 87.162610 -2178 -41810 21 0
331 183535200 117 42.196466 87.162603 -2233 -41706 21 0
332 183535400 122 42.196475 87.162596 -2291 -41598 22 0
333 183535600 125 42.196485 87.162589 -2350 -41487 22 0
334 183535800 126 42.196495 87.162582 -2410 -41376 22 0
335 183536000 124 42.196505 87.162575 -2469 -41266 22 0
336 183536200 125 42.196515 87.162568 -2529 -41156 22 0
337 183536400 124 42.196525 87.162560 -2588 -41046 22 0
338 183536600 123 42.196535 87.162553 -2647 -40937 21 0
339 183536800 122 42.196545 87.162546 -2705 -40829 22 0
340 183537000 123 42.196554 87.162539 -2764 -40721 21 0
341 183537200 122 42.196564 87.162532 -2823 -40614 21 0
342 183537400 121 42.196574 87.162525 -2881 -40507 22 0
343 183537600 121 42.196583 87.162518 -2939 -40400 21 0
344 183537800 124 42.196593 87.162511 -2999 -40291 22 0
345 183538000 126 42.196603 87.162504 -3059 -40180 23 0
346 183538200 128 42.196613 87.162496 -3121 -40067 23 0
347 183538400 132 42.196624 87.162488 -3183 -39950 24 0
348 183538600 135 42.196635 87.162481 -3248 -39831 24 0
349 183538800 138 42.196646 87.162473 -3314 -39709 25 0
350 183539000 142 42.196657 87.162465 -3382 -39584 26 0
351 183539200 144 42.196668 87.162456 -3451 -39457 26 0
352 183539400 148 42.196680 87.162448 -3521 -39326 26 0
353 183539600 148 42.196692 87.162439 -3592 -39196 26 0
354 183539800 148 42.196704 87.162431 -3662 -39065 26 0
355 183540000 147 42.196715 87.162423 -3732 -38935 26 0
356 183540200 147 42.196727 87.162414 -3802 -38805 26 0
357 183540400 146 42.196739 87.162406 -3871 -38676 26 0
358 183540600 147 42.196750 87.162398 -3940 -38546 26 0
359 183540800 144 42.196762 87.162389 -4008 -38418 26 0
360 183541000 145 42.196774 87.162381 -4076 -38289 26 0
361 183541200 144 42.196785 87.162373 -4143 -38161 26 0
362 183541400 145 42.196797 87.162365 -4211 -38032 26 0
363 183541600 147 42.196809 87.162357 -4279 -37901 27 0
364 183541800 150 42.196821 87.162349 -4348 -37767 27 0
365 183542000 153 42.196833 87.162340 -4419 -37631 28 0
366 183542200 157 42.196846 87.162331 -4491 -37491 28 0
367 183542400 159 42.196858 87.162323 -4565 -37350 29 0
368 183542600 163 42.196871 87.162313 -4640 -37205 29 0
369 183542800 165 42.196885 87.162304 -4716 -37058 30 0
370 183543000 168 42.196898 87.162295 -4794 -36909 31 0
371 183543200 172 42.196912 87.162285 -4873 -36756 31 0
372 183543400 174 42.196926 87.162276 -4954 -36601 32 0
373 183543600 178 42.196940 87.162266 -5036 -36443 32 0
374 183543800 181 42.196955 87.162255 -5120 -36282 33 0
375 183544000 183 42.196969 87.162245 -5205 -36119 33 0
376 183544200 187 42.196984 87.162235 -5292 -35953 34 0
377 183544400 188 42.196999 87.162224 -5380 -35786 34 0
378 183544600 230 42.197018 87.162211 -5487 -35582 34 0
379 183544800 194 42.197033 87.162200 -5578 -35410 35 0
380 183545000 195 42.197049 87.162189 -5670 -35237 35 0
381 183545200 196 42.197064 87.162178 -5762 -35063 34 0
382 183545400 194 42.197080 87.162167 -5853 -34891 34 0
383 183545600 194 42.197095 87.162156 -5944 -34719 34 0
384 183545800 192 42.197111 87.162145 -6034 -34549 34 0
385 183546000 191 42.197126 87.162134 -6123 -34380 34 0
386 183546200 190 42.197141 87.162124 -6212 -34212 33 0
387 183546400 187 42.197156 87.162113 -6300 -34046 33 0
388 183546600 187 42.197171 87.162102 -6387 -33880 33 0
389 183546800 185 42.197186 87.162092 -6474 -33716 33 0
390 183547000 184 42.197200 87.162082 -6560 -33553 32 0
391 183547200 183 42.197215 87.162071 -6646 -33391 32 0
392 183547400 182 42.197230 87.162061 -6731 -33230 32 0
393 183547600 179 42.197244 87.162051 -6815 -33071 32 0
394 183547800 178 42.197258 87.162041 -6898 -32913 31 0
395 183548000 178 42.197272 87.162031 -6980 -32755 31 0
396 183548200 174 42.197286 87.162021 -7061 -32600 30 0
397 183548400 172 42.197300 87.162012 -7141 -32447 30 0
398 183548600 170 42.197314 87.162002 -7220 -32296 30 0
399 183548800 168 42.197327 87.161993 -7298 -32147 29 0
400 183549000 165 42.197340 87.161983 -7374 -32000 29 0
401 183549200 162 42.197353 87.161974 -7450 -31856 28 0
402 183549400 160 42.197366 87.161965 -7524 -31714 28 0
403 183549600 157 42.197379 87.161957 -7597 -31574 28 0
404 183549800 155 42.197391 87.161948 -7669 -31436 27 0
405 183550000 154 42.197404 87.161939 -7740 -31299 27 0
406 183550200 151 42.197416 87.161931 -7810 -31165 26 0
407 183550400 148 42.197428 87.161923 -7878 -31033 26 0
408 183550600 146 42.197439 87.161914 -7946 -30903 25 0
409 183550800 143 42.197451 87.161906 -8013 -30776 25 0
410 183551000 140 42.197462 87.161898 -8078 -30651 24 0
411 183551200 139 42.197473 87.161891 -8143 -30528 24 0
412 183551400 136 42.197484 87.161883 -8207 -30407 24 0
413 183551600 134 42.197495 87.161875 -8270 -30288 23 0
414 183551800 132 42.197505 87.161867 -8333 -30171 23 0
415 183552000 132 42.197515 87.161859 -8396 -30055 23 0
416 183552200 130 42.197525 87.161851 -8460 -29941 23 0
417 183552400 130 42.197535 87.161843 -8524 -29827 22 0
418 183552600 130 42.197545 87.161834 -8590 -29715 22 0
419 183552800 129 42.197554 87.161824 -8659 -29606 22 0
420 183553000 129 42.197563 87.161815 -8730 -29498 22 0
421 183553200 127 42.197572 87.161805 -8804 -29394 22 0
422 183553400 127 42.197581 87.161794 -8881 -29293 21 0
423 183553600 125 42.197588 87.161783 -8960 -29195 21 0
424 183553800 124 42.197596 87.161771 -9043 -29102 21 0
425 183554000 124 42.197602 87.161759 -9131 -29014 20 0
426 183554200 122 42.197608 87.161746 -9223 -28933 20 0
427 183554400 121 42.197612 87.161733 -9319 -28859 19 0
428 183554600 119 42.197616 87.161719 -9418 -28792 19 0
429 183554800 116 42.197619 87.161705 -9519 -28734 18 0
430 183555000 113 42.197621 87.161691 -9622 -28686 18 0
431 183555200 111 42.197621 87.161678 -9727 -28648 18 0
432 183555400 109 42.197621 87.161664 -9833 -28620 17 0
433 183555600 107 42.197620 87.161651 -9939 -28602 17 0
434 183556000 209 42.197615 87.161626 -10148 -28593 16 0
435 183556200 101 42.197612 87.161615 -10249 -28602 16 0
436 183556400 100 42.197607 87.161604 -10348 -28620 16 0
437 183556800 197 42.197597 87.161584 -10536 -28681 15 0
438 183557200 190 42.197584 87.161568 -10704 -28771 15 0
439 183557600 185 42.197570 87.161555 -10850 -28886 14 0
440 183558000 180 42.197555 87.161546 -10972 -29019 14 0
441 183558400 157 42.197541 87.161541 -11056 -29152 14 0
442 183558800 175 42.197525 87.161539 -11127 -29313 15 0
443 183559000 109 42.197515 87.161539 -11158 -29418 15 0
444 183559400 166 42.197499 87.161542 -11185 -29582 16 0
445 183559800 196 42.197482 87.161548 -11188 -29778 16 0
446 183560000 123 42.197472 87.161553 -11181 -29901 17 0
447 183560400 187 42.197457 87.161564 -11132 -30082 18 0
448 183560600 106 42.197448 87.161571 -11097 -30183 18 0
449 183560800 109 42.197440 87.161579 -11052 -30283 19 0
450 183561000 113 42.197432 87.161588 -10999 -30383 19 0
451 183561200 115 42.197425 87.161597 -10938 -30481 20 0
452 183561400 117 42.197417 87.161607 -10870 -30577 20 0
453 183561600 119 42.197409 87.161617 -10796 -30671 21 0
454 183561800 122 42.197401 87.161628 -10717 -30764 21 0
455 183562000 123 42.197394 87.161638 -10633 -30855 21 0
456 183562200 123 42.197386 87.161649 -10548 -30944 21 0
457 183562400 123 42.197378 87.161659 -10462 -31033 21 0
458 183562600 122 42.197370 87.161669 -10377 -31121 21 0
459 183562800 120 42.197362 87.161679 -10293 -31208 21 0
460 183563000 121 42.197354 87.161689 -10209 -31296 21 0
461 183563200 119 42.197345 87.161699 -10127 -31383 21 0
462 183563400 120 42.197337 87.161709 -10045 -31471 21 0
463 183563600 120 42.197329 87.161718 -9963 -31559 21 0
464 183563800 121 42.197321 87.161728 -9882 -31649 21 0
465 183564000 121 42.197313 87.161737 -9801 -31739 22 0
466 183564200 125 42.197304 87.161747 -9718 -31833 23 0
467 183564400 128 42.197295 87.161757 -9634 -31930 23 0
468 183564600 130 42.197286 87.161766 -9550 -32030 24 0
469 183564800 134 42.197276 87.161776 -9464 -32133 24 0
470 183565000 135 42.197266 87.161785 -9381 -32240 25 0
471 183565200 139 42.197256 87.161795 -9297 -32351 25 0
472 183565400 142 42.197245 87.161804 -9213 -32466 26 0
473 183565600 143 42.197234 87.161814 -9131 -32584 26 0
474 183565800 146 42.197223 87.161823 -9049 -32706 27 0
475 183566000 151 42.197211 87.161832 -8967 -32833 27 0
476 183566200 152 42.197199 87.161841 -8887 -32963 28 0
477 183566400 156 42.197187 87.161850 -8807 -33098 28 0
478 183566600 160 42.197174 87.161860 -8727 -33237 29 0
479 183566800 162 42.197161 87.161869 -8648 -33379 30 0
480 183567000 167 42.197148 87.161878 -8568 -33526 30 0
481 183567200 167 42.197134 87.161887 -8490 -33674 30 0
482 183567400 167 42.197121 87.161897 -8412 -33822 29 0
483 183567600 166 42.197107 87.161906 -8335 -33970 29 0
484 183567800 165 42.197094 87.161915 -8260 -34117 29 0
485 183568000 165 42.197081 87.161924 -8185 -34264 29 0
486 183568200 165 42.197068 87.161933 -8110 -34411 29 0
487 183568400 163 42.197054 87.161941 -8037 -34557 29 0
488 183568600 163 42.197041 87.161950 -7964 -34703 29 0
489 183568800 164 42.197028 87.161959 -7890 -34850 29 0
490 183569000 164 42.197015 87.161968 -7816 -34997 30 0
491 183569200 167 42.197001 87.161977 -7740 -35146 30 0
492 183569400 169 42.196988 87.161987 -7664 -35297 31 0
493 183569600 173 42.196974 87.161996 -7585 -35451 31 0
494 183569800 175 42.196960 87.162006 -7505 -35607 31 0
495 183570000 177 42.196946 87.162016 -7425 -35765 31 0
496 183570200 179 42.196931 87.162026 -7343 -35925 31 0
497 183570400 176 42.196917 87.162035 -7262 -36082 31 0
498 183570600 210 42.196900 87.162047 -7165 -36269 31 0
499 183570800 172 42.196886 87.162057 -7085 -36422 30 0
500 183571000 172 42.196873 87.162066 -7006 -36575 30 0
501 183571200 170 42.196859 87.162076 -6927 -36726 29 0
502 183571400 166 42.196846 87.162085 -6850 -36874 28 0
503 183571600 161 42.196833 87.162094 -6776 -37017 27 0
504 183571800 156 42.196821 87.162103 -6703 -37155 27 0
505 183572000 151 42.196808 87.162112 -6633 -37289 25 0
506 183572200 144 42.196797 87.162120 -6565 -37417 24 0
507 183572400 139 42.196786 87.162128 -6500 -37540 23 0
508 183572600 131 42.196775 87.162135 -6439 -37656 22 0
509 183572800 124 42.196765 87.162142 -6381 -37766 21 0
510 183573000 119 42.196756 87.162149 -6326 -37872 20 0
511 183573200 113 42.196747 87.162155 -6273 -37972 19 0
512 183573400 107 42.196738 87.162161 -6223 -38067 18 0
513 183573600 102 42.196730 87.162167 -6175 -38158 17 0
514 183574000 192 42.196715 87.162178 -6085 -38328 16 0
515 183574400 171 42.196701 87.162187 -6005 -38480 14 0
516 183574800 144 42.196690 87.162196 -5937 -38608 11 0
517 183575200 114 42.196680 87.162202 -5884 -38709 8 0
518 183575800 113 42.196671 87.162208 -5831 -38809 4 0
